340 339 340 279 305 279 300 339 323 277 323 162 320 107 365 237 355 179 293 179 283 234
304 342 301 279 269 279 269 334 286 277 286 153 284 101 326 230 316 175 256 175 249 227
278 298 276 237 305 235 310 293 291 235 283 130 283 79 252 198 259 147 310 145 315 191
305 290 307 233 336 233 338 288 321 231 323 137 323 94 288 194 297 153 345 153 349 196
281 308 281 247 309 245 309 303 296 242 286 131 286 76 253 207 263 152 311 147 314 194
302 344 299 280 266 280 263 342 284 277 281 156 279 102 325 231 317 177 248 177 240 231
284 325 284 261 306 258 306 317 298 255 284 129 286 70 258 219 267 154 300 146 300 202
318 290 318 241 346 241 350 292 332 239 336 157 336 119 304 207 312 169 358 171 364 207
307 345 307 287 280 292 278 353 294 284 286 162 275 103 312 228 312 178 262 180 262 241
307 283 307 232 335 232 339 283 321 230 323 144 323 102 291 196 297 158 345 158 351 196
289 364 292 289 304 286 304 352 298 280 289 134 289 56 271 244 280 167 298 158 298 229
320 312 320 268 342 268 348 313 331 266 334 194 334 162 307 238 314 205 353 206 358 241
270 299 270 238 298 235 298 291 283 233 275 124 272 73 239 197 247 144 298 139 303 187
323 341 323 283 299 289 299 352 312 283 307 162 299 102 326 231 331 179 288 184 288 245
323 357 320 295 299 301 299 368 312 293 304 167 299 108 320 244 320 188 291 196 291 261
311 286 311 237 340 237 342 288 326 235 330 152 330 111 295 203 303 166 352 166 356 203
314 331 312 276 281 278 281 339 297 273 289 157 281 101 329 227 319 169 264 177 261 233
315 358 324 277 312 274 318 343 321 274 333 119 339 32 330 226 339 149 315 143 312 217
305 330 300 275 271 278 271 337 287 270 281 158 271 98 318 220 310 174 255 176 253 233
324 337 330 256 306 250 303 322 318 253 333 104 336 29 342 208 348 137 312 131 312 196
317 310 317 266 340 266 344 310 328 265 329 192 329 160 303 236 309 204 349 204 353 237
312 342 312 289 327 291 330 354 317 286 325 173 322 120 312 238 312 185 342 195 345 251
297 345 295 279 260 281 260 339 279 276 276 153 274 103 318 229 308 174 242 176 237 229
305 276 305 224 334 224 336 276 320 222 320 137 320 98 289 189 295 152 345 154 351 189
315 359 317 289 292 284 290 342 306 284 315 148 317 84 334 237 334 173 290 167 290 223
316 304 316 263 339 263 344 306 327 261 330 188 332 156 304 228 311 199 351 201 355 233
276 335 276 269 297 266 297 324 288 263 274 134 276 73 248 223 259 159 288 148 285 206
333 350 333 283 299 283 291 347 317 281 315 166 315 110 357 241 349 185 283 185 275 241
329 350 326 284 291 284 286 348 310 281 310 164 310 114 353 239 345 185 275 188 270 244
311 324 309 278 331 278 334 330 319 274 327 193 325 156 307 239 307 205 344 208 350 247
309 313 309 268 331 269 336 315 320 268 323 195 323 161 298 235 305 204 343 208 349 240
299 356 293 295 293 295 293 364 291 289 291 164 283 103 288 244 296 186 293 188 296 252
309 308 309 263 330 264 333 311 319 263 324 188 326 155 300 228 305 198 343 200 349 235
301 284 301 227 331 227 333 281 317 225 317 133 317 88 281 189 290 149 342 149 346 189
299 369 299 302 304 305 307 377 301 302 299 172 291 113 301 252 304 193 307 196 312 260
304 348 304 295 322 297 327 357 311 295 320 197 318 151 306 251 304 207 339 216 343 265
310 320 310 272 331 274 335 325 320 272 327 195 327 159 305 234 309 202 346 208 350 246
334 336 332 273 300 275 297 339 317 273 314 159 310 105 354 236 344 174 285 179 278 233
305 344 300 282 269 282 266 339 287 279 284 151 284 104 326 229 316 172 253 175 245 229
327 331 330 256 309 250 303 316 321 250 333 110 339 38 348 211 351 140 309 134 309 193
320 296 320 248 346 248 350 296 332 248 336 164 334 127 305 212 312 176 358 178 364 214
309 334 307 285 329 287 331 340 316 285 322 198 320 160 307 244 305 209 342 214 348 254
313 312 313 268 334 268 337 318 322 266 330 191 330 157 305 232 311 201 349 205 353 241
310 341 310 282 285 285 283 352 299 280 291 159 283 100 318 223 318 172 269 181 269 242
313 370 316 295 325 298 322 358 322 289 325 131 337 47 313 244 325 164 313 158 316 238
317 347 317 281 283 281 278 344 302 278 302 164 299 109 344 236 333 183 267 183 259 241
304 336 304 273 275 273 273 325 291 267 291 151 288 93 325 225 320 170 262 170 259 217
270 296 268 236 295 231 298 289 280 233 273 125 268 72 240 198 245 145 298 140 306 185
307 340 304 285 278 287 275 351 291 282 283 160 275 102 320 229 312 176 259 181 259 242
311 310 311 264 333 266 335 315 322 264 325 190 327 157 303 231 307 201 346 203 351 238
310 342 308 292 328 292 332 349 317 289 323 199 321 160 310 250 306 210 343 215 347 261
325 331 323 275 292 277 290 339 307 272 302 155 295 99 341 229 333 171 274 176 272 232
293 367 296 289 308 289 305 352 302 280 293 131 296 47 278 241 287 164 299 158 299 229
293 298 293 238 322 238 324 295 307 235 305 135 303 85 269 200 279 154 331 149 334 195
304 295 304 238 333 238 333 292 317 235 317 139 317 92 282 198 291 156 341 154 346 198
305 314 303 272 324 270 329 317 313 270 317 194 317 161 294 235 299 205 338 207 341 240
291 330 291 265 316 262 313 319 305 259 291 137 294 80 265 222 271 162 311 154 311 205
303 273 303 222 330 220 334 273 315 220 317 134 317 92 284 187 292 149 340 149 347 187
332 347 332 282 298 285 290 344 316 282 316 165 316 110 358 243 347 183 282 186 275 240
308 348 306 297 325 300 330 357 313 295 323 189 320 143 308 249 308 203 342 208 347 261
293 367 296 292 305 292 305 355 299 283 299 134 302 47 287 244 299 164 293 158 299 232
310 308 310 264 331 264 336 310 320 262 325 190 325 156 299 231 303 200 344 203 349 238
310 349 308 297 325 299 330 358 314 295 323 201 323 159 312 253 308 212 343 218 347 264
314 366 319 296 293 294 290 352 306 294 317 168 322 107 336 251 338 190 290 184 290 235
312 317 312 270 331 272 335 322 320 270 327 194 329 160 307 235 310 203 346 209 351 246
321 309 320 265 343 265 348 310 332 264 335 193 335 160 307 236 314 204 355 205 360 239
308 308 308 263 330 265 334 311 318 263 324 189 325 155 300 229 305 198 342 201 348 237
307 313 307 268 329 268 334 314 317 268 320 194 322 161 295 236 300 204 340 206 345 241
308 338 305 275 275 275 275 331 293 270 293 156 290 98 328 227 323 174 262 174 260 222
313 345 311 291 328 291 333 355 318 289 328 181 323 132 313 240 311 193 345 201 350 255
313 360 316 294 290 289 287 347 303 289 311 165 313 108 334 247 337 189 282 184 285 236
314 370 320 292 323 292 317 358 323 283 332 125 341 38 326 235 335 155 317 149 314 226
318 340 321 268 294 262 291 325 309 265 321 125 321 59 339 218 339 152 294 146 297 203
321 352 327 277 310 271 313 340 321 268 333 113 336 32 333 223 342 146 316 140 310 211
296 282 296 226 327 224 329 280 312 224 312 133 312 88 277 187 286 148 335 148 342 187
302 353 297 293 288 293 288 367 291 290 288 157 280 98 286 239 294 179 288 182 288 247
337 340 337 279 304 279 299 340 320 279 320 161 317 108 360 239 350 181 289 183 282 236
297 356 292 294 305 294 310 366 297 292 300 170 289 114 292 241 292 188 313 191 318 255
314 306 314 263 335 263 341 307 324 262 327 187 329 154 302 228 308 197 347 199 352 233
302 344 297 282 310 285 313 352 302 282 307 162 302 108 297 229 299 178 321 183 323 245
314 352 314 289 286 283 284 341 303 283 303 160 306 103 333 237 330 182 275 179 275 231
332 334 329 275 299 278 296 341 314 275 309 158 304 104 349 234 339 176 281 181 276 232
300 371 295 307 305 307 308 379 300 301 300 175 289 117 300 256 300 194 311 197 316 264
277 362 280 290 298 287 298 347 289 284 277 141 280 64 256 243 265 168 289 159 289 228
330 349 332 290 308 295 308 360 321 290 313 169 308 104 332 239 335 187 297 190 297 249
306 344 306 280 276 278 274 331 292 278 292 155 292 97 324 232 319 177 266 174 260 224
267 347 267 278 290 275 288 336 279 275 267 136 267 72 241 231 253 162 282 153 276 211
317 303 317 253 344 253 347 303 330 252 332 170 330 131 302 219 308 182 354 184 359 219
300 277 298 223 328 223 330 275 313 221 313 132 313 89 280 186 287 147 339 147 343 186
305 356 302 294 284 297 286 369 294 292 286 161 278 100 305 244 302 183 281 188 281 254
292 324 292 257 319 254 313 316 305 252 294 139 294 83 265 217 273 158 313 153 311 204
321 346 330 271 309 262 306 334 318 265 333 113 336 32 336 217 345 143 312 137 309 205
307 338 304 282 317 284 319 349 309 279 317 165 312 111 304 230 307 181 332 186 335 245
282 258 278 203 304 203 309 261 287 203 287 84 282 35 258 154 261 106 319 103 326 157
279 261 271 204 299 204 304 263 284 201 284 81 281 29 256 154 259 101 316 101 324 159
306 355 315 259 285 256 285 346 300 256 297 80 303 8 324 196 321 107 270 110 273 188
272 343 278 265 311 265 302 340 296 262 293 107 290 38 254 205 257 131 323 134 323 199
279 352 285 274 303 271 297 349 294 268 291 104 285 38 270 211 270 134 303 134 303 202
271 266 261 202 284 202 289 268 268 196 271 68 263 12 253 148 250 91 299 89 309 153
284 259 279 202 308 202 310 262 291 200 291 90 287 42 260 157 260 109 322 109 327 157
338 325 338 247 308 247 308 328 323 241 329 95 329 35 356 193 362 125 296 122 287 191
284 343 290 265 323 265 317 340 308 265 308 107 305 41 264 202 270 131 341 134 341 196
322 331 325 253 289 253 289 331 310 250 313 98 316 44 355 196 352 128 277 128 265 193
265 264 255 199 278 202 283 267 263 197 265 59 257 4 247 142 247 85 294 82 302 147
291 289 282 224 294 224 300 292 288 218 291 76 294 17 279 162 276 100 312 100 312 171
301 379 301 280 292 277 286 370 298 271 295 83 295 8 301 211 301 116 280 113 286 205
284 257 280 202 308 202 311 259 294 200 291 90 289 42 260 157 263 107 325 107 330 157
329 334 329 259 296 259 296 334 314 259 317 98 320 44 352 202 352 128 281 125 275 196
340 322 340 244 310 244 313 328 328 241 334 89 334 26 361 188 364 119 304 116 295 188
321 343 324 268 288 265 288 346 309 265 312 104 315 47 348 208 348 134 276 131 267 202
282 264 272 205 300 205 305 264 285 202 285 78 282 26 260 153 260 101 317 98 324 155
283 352 286 271 298 268 292 346 292 265 286 95 283 26 277 208 277 125 286 122 286 202
288 325 288 253 324 253 324 325 306 253 303 107 303 44 261 193 267 128 342 131 348 193
280 349 286 268 307 268 298 346 298 265 295 101 295 35 271 208 274 131 310 128 307 199
292 331 298 250 334 250 328 328 316 247 319 95 316 29 271 193 277 122 355 125 361 188
284 352 287 268 296 265 290 346 293 259 287 80 287 11 281 199 281 113 287 113 290 196
278 284 267 217 284 217 290 287 275 214 278 66 281 8 267 156 267 92 299 92 304 162
287 269 275 208 300 208 308 269 287 208 287 80 282 27 267 154 264 101 315 101 323 159
289 346 298 268 316 268 310 340 310 265 307 101 307 38 280 208 283 131 322 128 316 196
326 322 326 244 302 244 308 328 317 241 314 83 314 23 335 182 341 113 293 113 293 188
293 307 287 235 299 235 302 313 293 229 293 80 287 20 287 176 287 107 305 107 308 179
310 349 316 259 289 256 286 340 301 256 304 89 307 26 334 199 331 119 274 122 271 193
326 325 323 247 302 247 308 331 314 241 314 80 311 17 332 176 335 107 296 110 296 185
277 266 269 206 292 206 300 271 279 204 279 74 274 22 266 152 258 97 308 97 315 157
305 319 299 244 290 244 293 325 293 238 293 77 293 17 311 176 308 104 287 107 284 179
285 262 283 205 311 205 311 262 297 203 292 91 290 44 261 160 264 110 325 108 330 158
312 321 312 254 346 254 346 324 329 254 326 119 324 61 287 198 290 139 366 139 371 198
300 349 303 265 306 265 300 343 306 259 300 80 297 8 300 196 297 110 294 107 297 193
286 259 278 203 308 203 312 261 293 203 290 86 288 38 259 155 264 106 322 103 329 155
268 275 257 209 277 209 285 278 266 203 266 68 263 13 252 151 252 93 291 90 299 159
300 301 291 229 303 232 309 310 297 223 303 83 300 23 294 173 294 107 318 107 318 179
306 349 309 265 309 265 303 343 309 256 303 83 303 14 303 199 300 116 294 113 300 196
294 346 297 262 300 262 294 340 297 256 291 77 291 8 291 193 288 107 288 104 291 191
297 310 291 235 288 235 294 319 291 232 291 71 285 11 303 170 303 95 288 98 285 173
267 281 258 218 273 218 281 287 264 212 267 68 267 8 255 154 255 94 287 94 296 163
279 259 272 202 298 202 303 262 284 202 281 83 279 33 255 151 257 100 315 103 322 156
332 328 332 253 302 253 302 331 317 250 320 98 323 44 353 199 353 128 287 128 281 199
284 258 279 200 306 200 311 261 291 200 289 86 286 35 260 152 265 103 323 103 328 157
310 337 316 247 280 247 283 328 298 244 301 80 307 14 337 191 334 107 265 110 262 182
316 334 322 259 286 259 283 337 304 259 307 101 310 44 346 202 346 131 271 128 259 199
289 328 289 256 328 253 325 328 307 253 307 107 304 41 263 196 269 128 346 128 352 193
267 278 259 212 273 212 285 281 264 209 267 68 264 10 256 151 256 94 287 91 296 157
313 322 310 244 292 244 298 331 301 238 298 80 295 17 316 179 316 107 289 107 286 182
277 346 283 265 310 265 304 340 298 262 298 101 295 32 263 205 265 128 322 128 319 193
293 310 287 235 293 238 296 316 290 232 290 74 287 11 290 173 296 101 293 101 299 176
284 343 290 268 323 268 314 340 308 268 305 113 302 47 263 208 269 137 335 140 337 202
321 325 324 247 288 247 288 328 306 244 312 89 315 32 351 191 351 122 273 119 261 185
307 352 307 265 307 265 304 346 307 259 304 86 304 14 304 205 301 119 292 113 301 199
268 265 260 200 281 200 286 268 268 197 271 59 263 4 255 140 255 85 297 82 305 148
291 307 283 234 294 234 297 310 289 228 289 72 286 14 283 172 286 102 300 102 303 172
306 367 306 271 306 268 300 358 309 262 303 77 306 5 306 202 306 113 291 107 297 202
332 322 332 241 305 241 308 325 320 238 323 83 320 23 344 182 350 113 296 113 293 188
294 355 297 277 315 277 309 349 306 274 300 110 300 44 285 217 285 140 309 137 306 208
287 352 293 274 308 274 302 346 299 271 293 107 293 41 278 217 281 137 296 134 296 208
272 349 278 265 305 268 296 340 290 265 290 101 284 35 251 205 254 128 317 128 317 193
271 272 258 208 278 208 289 275 265 205 268 66 263 12 253 148 253 92 291 87 301 154
306 364 312 271 291 268 288 349 300 259 300 83 306 14 318 196 312 113 276 113 285 193
338 325 338 247 308 247 311 328 323 241 332 83 329 23 350 185 362 116 302 110 296 188
313 334 316 253 283 250 280 328 298 247 301 92 301 35 340 196 337 122 265 122 256 193
297 309 291 238 303 238 306 315 297 232 297 85 294 23 297 178 291 112 312 112 315 181
284 340 287 262 326 262 317 337 308 259 308 101 308 32 263 199 266 125 341 128 344 191
311 337 314 259 278 256 278 331 296 256 296 95 296 38 338 199 332 128 257 128 251 199
298 376 301 277 289 277 283 370 295 268 292 86 295 14 301 208 301 119 274 116 277 202
304 317 298 240 288 240 293 322 293 238 293 79 291 17 308 175 305 102 288 106 287 178
316 337 319 253 283 253 283 331 301 250 298 89 298 32 346 196 337 119 259 125 253 196
287 260 282 205 309 205 313 263 294 202 292 86 289 35 260 154 265 105 326 105 330 156
302 310 296 235 296 235 302 319 296 232 296 74 290 11 299 173 305 101 296 101 296 176
314 334 314 253 275 253 278 337 296 250 296 92 293 35 341 193 338 122 254 122 245 196
308 337 311 250 275 247 278 328 293 244 296 80 299 17 335 191 329 110 260 113 254 185
286 331 286 256 322 253 322 328 304 253 301 107 298 41 256 196 262 131 340 128 346 191
321 337 324 250 285 250 285 334 306 247 306 89 306 29 351 193 345 119 264 122 255 193
307 355 307 268 307 268 304 349 307 259 304 83 301 11 304 202 301 113 292 113 298 202
321 343 324 265 288 262 288 343 306 262 312 101 318 44 351 205 351 134 276 131 267 199
317 343 317 262 281 259 281 343 299 262 296 104 293 47 344 202 335 131 258 137 249 208
287 264 277 202 299 205 310 266 287 202 287 78 284 27 264 152 264 98 317 98 325 159
318 337 318 247 280 247 283 334 301 244 301 92 298 32 345 193 342 119 259 125 250 196
317 340 320 256 281 256 281 343 299 253 296 98 296 38 344 199 338 128 254 131 248 205
297 346 303 268 327 265 318 340 315 265 315 104 312 38 285 208 285 131 333 131 327 196
286 343 289 262 316 262 310 337 304 259 304 98 301 32 271 205 274 128 325 122 322 167
297 307 288 234 297 234 300 313 291 228 294 72 288 11 291 170 294 101 303 98 303 170
304 370 307 274 289 271 286 358 298 265 295 86 301 17 310 202 307 116 274 116 283 193
313 346 319 256 289 253 289 334 304 250 307 89 313 26 340 196 337 116 274 119 268 193
312 331 315 247 276 247 276 331 297 244 300 89 300 32 342 191 342 119 258 119 246 188
293 309 287 235 293 235 299 314 290 229 293 73 287 11 287 173 293 102 302 102 302 173
312 355 318 259 291 256 291 343 306 256 303 77 306 8 324 193 321 107 276 104 282 185
307 358 307 268 307 265 301 349 307 256 301 77 298 5 304 199 301 110 292 104 298 199
332 322 335 241 308 244 311 325 320 241 320 83 320 23 341 179 346 113 296 110 296 185
324 322 321 247 303 247 306 331 312 244 312 77 309 14 327 179 333 107 297 107 297 182
284 352 287 274 308 274 299 346 299 271 290 107 287 41 273 214 273 137 305 134 302 205
303 322 303 254 339 254 339 322 321 254 318 114 315 55 276 197 279 135 356 135 362 194
297 295 288 226 303 226 306 301 294 220 300 80 300 20 285 167 288 104 318 107 318 173
292 331 292 256 331 256 328 328 313 256 310 107 307 41 265 199 271 128 346 131 352 191
285 255 283 200 309 200 312 258 295 198 293 88 290 40 261 155 266 104 326 104 331 155
313 334 316 247 280 247 280 328 298 244 301 86 301 26 340 193 337 116 265 119 256 191
283 352 286 268 295 268 289 346 289 262 286 89 283 17 277 205 277 119 283 119 286 202
288 337 294 256 329 256 320 334 311 256 314 98 311 29 267 196 270 122 347 125 350 188
279 349 282 271 297 271 291 343 291 268 282 98 279 32 270 211 273 128 285 125 282 205
292 320 292 253 327 250 327 320 309 250 306 110 306 49 266 195 271 130 347 133 353 192
319 337 322 250 283 253 286 337 304 250 298 98 298 41 346 196 340 128 259 131 253 202
304 352 310 259 283 259 280 343 295 253 298 83 301 17 325 196 322 113 265 113 268 188
292 331 295 256 334 256 328 328 313 253 316 104 310 38 268 196 274 128 351 128 354 191
288 328 288 253 327 253 324 325 306 250 306 104 300 38 261 193 264 125 342 128 348 188
299 316 290 241 296 241 302 325 293 235 296 80 290 17 296 179 302 104 299 107 299 179
328 301 325 235 298 241 301 316 310 238 307 101 298 50 331 179 337 122 286 125 283 188
291 349 297 259 327 256 312 337 312 256 312 95 315 29 270 199 273 119 342 122 339 188
301 343 313 259 349 259 334 334 331 259 337 95 346 29 286 191 295 119 370 119 376 185
282 266 279 209 309 209 319 271 294 207 297 98 287 56 265 157 272 113 326 113 334 162
309 286 312 223 312 226 317 300 312 220 312 76 303 22 314 165 312 102 317 105 314 171
318 358 318 250 294 250 288 340 306 247 309 59 319 0 330 191 324 95 276 83 294 170
293 264 288 209 311 209 319 274 298 206 301 83 296 30 275 156 275 104 327 101 327 161
288 314 291 241 329 241 335 314 309 238 309 95 309 34 262 183 271 118 350 118 358 180
334 312 328 243 291 246 294 317 308 243 308 96 302 44 351 178 345 121 274 124 266 184
323 296 323 230 309 233 315 305 317 230 315 88 306 36 329 178 332 111 309 117 303 178
289 284 292 225 323 225 328 281 309 223 309 115 306 68 272 176 279 132 341 130 348 179
280 263 280 208 307 208 317 270 292 206 294 95 282 51 260 157 267 110 326 110 331 162
297 306 297 233 335 233 344 306 315 230 315 97 312 37 271 175 277 120 352 115 364 178
318 297 313 224 276 224 273 297 293 221 290 69 287 13 338 159 332 97 254 97 245 168
292 364 292 268 289 268 283 349 292 265 298 89 304 17 289 202 286 122 298 119 295 196
304 346 295 253 265 250 265 331 280 247 280 74 277 11 313 191 304 110 250 101 262 176
328 305 320 233 283 233 283 308 300 230 300 82 292 32 347 171 339 110 264 110 253 169
290 311 290 236 328 239 337 308 308 236 308 94 308 34 264 178 273 117 348 115 360 178
283 263 280 209 305 209 315 271 290 206 295 91 285 44 270 156 273 109 322 106 327 161
327 306 318 227 284 227 281 303 301 227 301 75 298 24 343 173 341 103 267 103 259 168
326 322 317 247 284 244 284 316 299 241 302 83 299 26 341 185 335 110 266 110 269 179
305 279 299 221 313 221 321 290 307 215 313 79 305 24 294 157 299 102 332 99 327 165
288 261 283 204 307 204 317 268 295 202 298 83 293 34 273 152 273 103 325 100 327 157
281 262 281 207 307 207 317 272 291 205 294 94 281 52 266 157 269 112 324 109 329 162
293 343 284 247 258 244 255 334 270 241 264 53 262 0 299 176 284 89 231 83 249 164
287 349 293 256 308 256 299 337 299 256 305 80 314 8 278 196 278 113 317 110 320 182
308 331 320 244 356 244 347 322 341 244 341 92 347 26 290 185 302 113 380 116 386 179
300 283 297 219 306 222 311 291 300 219 303 80 295 27 297 163 297 102 317 105 311 166
343 307 337 242 305 245 307 316 319 239 316 103 307 52 346 186 352 123 293 126 287 189
285 355 285 259 288 259 285 346 288 256 297 86 306 17 279 196 279 116 300 113 297 191
325 303 317 231 284 231 281 305 300 228 298 85 289 35 345 170 336 112 262 109 254 170
340 305 329 242 295 245 300 313 315 239 312 102 306 53 349 182 346 125 280 128 275 190
332 358 335 253 314 250 305 343 323 247 335 59 333 0 344 191 341 98 305 86 311 179
291 312 289 241 329 241 335 310 309 238 309 97 309 33 263 180 271 120 346 117 358 180
303 337 315 250 351 250 339 331 333 247 339 89 345 23 285 188 297 113 375 116 384 182
300 340 312 256 345 253 330 328 330 253 336 92 342 29 282 191 294 116 366 116 366 179
306 280 300 216 314 219 317 288 308 214 311 79 303 24 286 156 295 101 328 101 325 167
332 298 326 235 296 241 302 313 311 235 308 95 299 44 332 176 341 119 287 122 281 185
286 261 281 206 309 208 319 268 294 206 296 89 291 39 271 156 271 106 326 106 329 161
299 304 297 236 334 236 345 304 316 233 311 102 314 45 274 179 279 124 351 119 362 179
296 343 287 250 257 244 257 328 272 244 269 71 266 8 305 191 293 104 236 95 251 167
283 328 292 244 334 247 331 322 313 244 316 95 322 29 265 182 274 116 358 119 364 185
326 300 323 227 317 227 323 305 320 224 317 83 309 31 332 172 332 106 317 112 312 175
309 334 306 247 273 244 270 322 288 241 285 71 285 8 324 185 315 104 255 95 261 170
324 310 324 241 300 244 306 322 312 241 312 101 303 50 330 185 342 125 297 128 291 193
318 328 312 244 279 238 276 319 294 238 294 71 291 8 333 185 327 101 261 98 270 170
329 306 323 236 287 238 289 312 306 236 301 89 298 41 349 174 340 117 270 117 258 176
285 280 285 221 318 223 323 280 302 221 302 114 299 69 266 174 273 129 333 129 340 176
324 301 319 224 283 226 281 301 300 221 297 78 292 32 344 166 335 106 261 106 253 169
323 297 320 224 282 226 282 300 301 224 304 83 299 31 350 170 342 110 269 107 255 164
279 355 282 262 297 262 285 346 291 259 297 80 306 11 270 196 270 113 309 113 303 188
296 274 291 213 309 213 317 282 299 208 304 76 299 20 278 152 283 97 325 97 323 160
323 303 320 230 282 230 282 306 301 230 301 86 295 34 347 173 339 116 266 113 252 170
307 331 316 247 346 247 334 322 331 244 337 92 346 29 289 185 298 113 364 113 367 176
290 355 290 262 290 259 284 343 290 259 299 89 305 20 287 202 284 122 293 116 287 196
336 299 331 229 295 229 295 302 312 226 312 88 309 37 358 169 349 113 279 113 266 169
278 266 278 210 305 210 315 271 290 207 293 96 278 56 266 157 268 113 323 110 330 162
336 308 328 240 291 243 294 316 308 240 308 100 302 47 350 181 345 123 274 125 269 184
276 358 279 259 285 259 279 346 282 256 291 77 297 8 270 196 270 113 297 110 294 188
315 382 312 265 282 259 279 364 297 262 297 83 300 11 324 208 315 119 267 110 285 193
279 340 285 244 303 244 294 325 294 244 294 74 303 8 264 188 267 104 309 107 312 173
289 262 286 207 307 207 318 270 297 204 297 83 294 33 268 154 271 104 326 104 326 162
333 303 327 231 292 231 292 305 311 229 308 89 305 40 355 174 346 117 275 117 264 174
288 379 294 265 282 259 270 358 288 259 294 80 300 8 294 202 288 116 288 113 279 193
284 276 284 216 317 216 322 276 299 213 302 107 297 64 267 169 275 124 332 124 339 169
295 370 292 271 262 262 256 355 274 262 271 77 271 8 301 196 292 110 238 104 250 182
341 306 336 243 301 246 304 318 318 243 316 105 313 53 356 185 350 128 290 131 284 191
283 355 292 262 316 259 307 337 304 262 301 92 307 23 265 199 265 119 325 119 325 185
293 364 293 265 284 259 278 349 290 259 296 80 302 11 290 199 287 119 299 113 293 193
285 325 291 247 333 247 333 322 312 244 312 98 315 32 261 185 270 119 351 122 363 185
318 361 321 250 303 247 294 346 312 250 318 71 321 5 327 193 321 110 300 101 300 182
295 270 292 214 308 214 319 280 300 211 303 79 295 28 279 153 284 100 324 100 327 164
293 268 287 214 308 214 316 278 295 211 300 84 293 33 277 157 280 105 324 105 324 167
296 284 299 226 331 226 336 284 316 223 316 113 316 68 279 176 286 131 346 131 356 178
285 269 283 210 315 212 320 272 298 210 300 101 290 58 268 158 275 113 332 116 337 165
319 294 311 220 275 220 272 294 294 217 291 68 289 18 338 159 330 98 255 98 247 162
308 280 302 219 311 219 316 294 305 216 308 74 296 19 296 158 299 97 319 97 314 167
320 300 320 227 317 230 323 309 317 227 320 81 311 25 332 174 326 107 323 110 317 174
324 302 318 223 282 223 279 302 301 223 299 70 293 13 344 163 338 98 262 98 253 166
291 382 294 274 282 271 270 364 288 268 294 86 300 14 294 208 294 122 279 116 279 202
318 310 318 244 297 244 303 322 309 241 306 101 297 47 324 188 333 125 294 128 288 191
329 318 321 244 286 241 286 312 306 241 306 84 306 27 346 181 343 110 272 110 269 175
287 340 281 250 248 244 248 331 263 241 257 59 255 0 293 179 281 95 224 86 242 164
305 337 319 253 349 250 331 328 334 250 340 89 343 26 293 191 302 113 370 110 367 176
281 337 287 244 311 241 299 322 299 244 296 83 302 14 263 191 266 110 314 110 317 176
318 300 321 228 304 231 307 311 313 228 307 88 298 36 330 177 333 111 301 116 295 177
313 337 310 256 274 256 271 325 292 253 292 86 289 26 331 191 325 116 259 113 256 185
335 355 338 247 314 241 305 340 326 241 332 59 340 0 347 182 344 95 299 86 314 170
283 271 283 212 315 212 320 271 298 212 300 100 295 56 265 162 273 115 330 115 340 165
302 325 311 244 350 244 344 319 332 241 332 95 338 29 281 188 290 119 371 122 377 185
338 306 329 240 300 243 306 318 314 237 311 100 306 50 347 187 347 124 288 124 285 190
324 305 321 237 295 240 300 314 309 237 306 103 298 52 327 183 336 124 289 127 283 189
301 376 304 265 292 262 280 361 298 262 307 83 310 11 307 205 310 119 289 116 283 193
287 271 287 211 320 211 325 274 302 211 307 100 297 54 269 163 279 115 337 115 342 165
287 325 299 241 338 241 332 319 320 238 323 92 326 26 269 182 278 116 358 116 367 182
280 274 283 214 315 214 320 274 298 212 300 100 293 56 263 162 273 115 330 115 337 165
326 358 329 250 308 247 302 343 317 247 326 65 326 5 338 191 335 104 302 92 308 179
