1216 656 1092 620 1104 591 1193 514 1092 602 908 585 837 561 968 632 914 614 938 555 1021 561
668 471 767 570 760 596 668 478 773 583 990 576 1069 563 925 550 971 557 977 576 944 635
1021 550 959 535 1005 514 1114 535 974 524 866 483 830 457 902 488 845 519 902 462 959 478
957 564 997 476 949 468 882 478 972 465 974 426 976 405 1053 482 1011 436 928 436 877 472
934 377 916 406 819 406 753 358 864 406 875 488 879 525 1012 477 956 488 805 495 753 481
753 471 848 566 842 592 753 483 848 585 1071 585 1147 572 1007 553 1039 566 1052 592 1020 643
987 527 972 508 1021 497 1107 440 991 500 912 440 893 418 878 489 878 470 953 433 1010 455
1283 475 1175 487 1175 468 1283 468 1175 481 990 462 927 443 1092 519 997 500 1029 436 1105 436
856 350 875 438 819 466 712 452 852 452 936 541 978 559 1033 489 996 522 852 550 772 536
995 450 852 469 845 456 969 430 839 463 637 482 546 489 754 528 676 502 650 463 715 456
1309 602 1175 571 1187 547 1309 584 1181 559 1003 529 936 504 1070 590 1009 565 1034 504 1101 516
754 489 798 567 759 606 654 500 787 589 954 628 1037 645 943 584 976 606 909 656 809 684
640 463 732 549 726 569 640 463 746 563 958 563 1044 556 891 536 938 543 944 576 925 622
848 573 1003 594 996 614 922 506 1003 607 1211 587 1285 573 1144 573 1184 580 1191 600 1151 647
894 454 948 507 998 523 948 573 973 510 1057 457 1079 435 951 476 1023 454 1095 476 1101 517
931 499 999 496 1052 501 1048 523 1028 496 1063 457 1076 430 968 481 1021 459 1100 470 1129 514
1000 406 1083 471 1060 466 1080 474 1071 460 1040 395 1009 369 1105 415 1077 400 997 400 949 440
1029 517 989 488 1033 470 1108 406 1004 477 907 438 878 416 896 485 882 463 943 427 997 441
1042 396 930 482 917 468 1016 462 917 475 707 488 621 488 812 528 733 501 733 462 792 468
1052 388 1025 470 1063 453 1166 464 1036 464 905 426 873 399 927 448 889 453 944 410 960 410
841 571 1004 621 1004 621 954 521 1017 621 1173 590 1230 565 1086 578 1142 584 1161 603 1142 653
927 372 879 391 794 380 797 287 823 394 738 468 720 491 901 465 831 472 686 461 686 428
915 526 912 478 968 469 1002 512 943 472 915 438 889 413 852 481 886 433 934 421 982 450
1234 665 1111 637 1123 603 1206 525 1111 620 922 603 849 586 977 654 933 631 949 581 1005 586
829 422 853 521 800 561 707 526 824 544 969 590 1039 602 1004 532 1010 561 905 608 806 620
30 47 31 41 31 41 32 48 31 42 26 30 23 24 33 36 27 33 29 34 31 43
1112 535 1030 617 1037 596 1112 542 1024 610 820 603 739 596 847 658 834 630 847 583 908 569
1119 529 1041 607 1041 593 1126 529 1026 600 835 593 757 572 842 650 835 621 856 572 941 565
898 380 847 415 772 407 894 380 847 415 827 506 835 525 968 478 913 494 756 502 705 482
924 413 944 505 888 541 776 505 908 525 1021 592 1072 612 1082 546 1087 597 954 607 868 597
988 530 1019 477 956 475 886 479 990 469 984 447 1009 407 1066 483 1026 439 937 443 884 477
1106 439 1014 525 1002 517 1105 451 997 523 802 525 727 523 892 565 816 546 827 500 882 513
794 505 885 561 899 582 801 484 899 575 1103 561 1187 498 1075 498 1075 540 1103 582 1124 533
956 467 902 553 929 537 1053 537 918 543 755 510 707 494 799 553 750 548 793 494 869 489
1044 415 916 452 891 415 959 329 897 439 719 482 645 507 854 519 774 513 701 458 793 415
868 395 893 484 834 524 750 489 854 504 977 579 1022 598 1047 524 1027 559 898 593 804 584
1010 368 940 448 978 437 1101 437 956 442 796 416 737 394 844 458 790 453 833 394 919 400
1150 510 1054 587 1067 581 1201 593 1054 581 863 574 786 555 863 625 869 593 888 555 971 549
917 506 1001 590 995 616 924 499 1001 603 1215 584 1293 577 1138 564 1196 571 1196 597 1163 635
860 514 1007 550 1013 569 958 465 1019 563 1196 538 1257 514 1123 532 1165 532 1178 544 1153 599
862 634 977 640 1017 663 994 554 1011 646 1154 600 1183 566 1057 594 1125 583 1160 634 1148 651
703 431 799 521 799 539 703 437 805 533 1015 545 1099 539 955 509 991 521 997 545 955 593
717 371 806 465 801 486 717 376 811 476 1027 502 1111 502 948 549 1000 481 1006 497 948 554
1253 609 1111 615 1117 602 1253 590 1111 609 917 596 839 577 988 641 936 615 949 564 1027 564
859 610 1003 628 1028 647 978 541 1034 641 1202 597 1240 578 1115 597 1171 578 1190 610 1159 641
1123 494 1039 572 1039 565 1123 494 1026 572 831 565 760 553 844 617 851 578 857 553 838 624
853 436 928 447 985 447 923 532 961 444 1017 401 1036 377 915 420 977 398 1060 420 1071 460
700 434 795 523 795 541 700 434 807 535 1021 547 1105 541 962 512 998 523 998 541 950 601
815 423 905 512 899 536 815 434 905 524 1125 542 1209 536 1066 506 1102 524 1113 548 1072 595
841 435 865 517 829 559 711 547 859 541 1025 583 1102 606 1025 529 1043 559 983 606 877 624
1071 470 992 561 1015 555 1156 555 1009 561 834 538 772 521 885 578 840 572 868 516 902 533
909 455 938 554 885 589 780 554 909 578 1055 625 1132 648 1067 566 1096 595 997 648 897 648
910 341 886 356 794 356 783 348 852 364 806 437 802 460 948 433 890 437 736 441 694 418
1350 558 1223 528 1235 504 1368 534 1223 516 1053 492 986 473 1101 546 1059 522 1083 467 1156 473
1083 438 1041 517 1089 501 1183 512 1052 512 920 475 884 454 973 470 905 501 968 454 1005 475
811 439 849 532 799 570 686 551 824 557 986 601 1067 614 992 526 1005 582 942 626 836 639
1161 484 1075 562 1064 551 1162 480 1063 550 864 551 790 535 946 596 878 578 896 522 951 543
836 480 916 492 973 504 967 495 946 492 1012 447 1036 426 904 468 973 444 1054 465 1063 507
1029 531 973 516 1024 496 1136 506 988 501 902 465 861 445 953 470 876 496 942 445 993 465
921 492 966 505 894 532 791 509 934 514 1029 595 1073 640 1114 541 1082 586 943 608 867 604
845 501 927 499 980 508 962 526 957 499 1000 467 1016 435 896 483 968 455 1041 478 1057 519
953 467 884 547 913 541 1038 529 901 547 724 529 673 512 787 569 730 564 758 501 804 524
806 549 964 575 970 594 888 486 977 587 1160 581 1254 575 1128 524 1141 575 1166 594 1197 562
833 558 975 589 981 608 931 509 993 595 1179 577 1240 558 1080 570 1154 564 1166 595 1129 645
1139 493 1046 574 1052 567 1189 580 1040 574 853 561 772 549 847 617 859 586 878 542 922 530
867 392 844 407 743 411 859 388 800 414 721 493 725 519 889 482 822 489 654 486 639 463
1108 462 1112 418 1064 416 1014 407 1089 399 1080 368 1080 336 1164 416 1122 372 1032 370 986 403
939 385 992 457 1048 475 1008 516 1026 457 1114 419 1138 398 1026 423 1076 410 1151 438 1154 479
1194 685 1086 657 1086 634 1166 548 1074 645 886 634 817 605 949 674 897 662 920 611 977 617
972 428 891 535 878 522 972 434 872 528 665 547 577 535 765 585 684 553 690 516 747 522
657 332 747 421 736 447 652 332 752 437 941 468 1035 479 925 421 935 442 925 494 836 531
1148 641 1026 623 1026 606 1107 512 1014 606 821 606 745 588 891 652 839 629 856 594 915 606
791 474 867 565 874 592 791 474 874 585 1097 572 1166 572 1083 509 1069 551 1083 606 1118 565
814 455 905 546 898 578 814 461 911 565 1125 572 1203 559 1112 513 1099 546 1099 598 1125 617
586 449 686 538 675 555 580 443 692 549 898 566 982 566 842 527 881 544 881 588 798 627
1008 464 1005 491 1070 464 1070 464 1035 470 1029 437 1005 402 942 472 994 432 1065 429 1089 442
843 468 1009 513 996 526 926 411 1003 526 1207 500 1265 475 1131 481 1175 494 1194 519 1137 551
944 396 881 426 821 411 844 332 870 422 777 485 769 500 952 485 877 493 721 470 713 448
905 424 1034 435 986 426 984 481 1012 424 1019 397 1052 367 1098 443 1065 399 986 388 937 408
1035 544 1007 486 965 504 931 507 986 492 962 464 940 431 1044 486 1001 461 922 467 888 507
1029 455 977 539 1008 523 1123 523 987 528 846 492 799 471 898 502 841 523 883 476 930 497
1046 442 919 480 899 442 957 352 912 454 714 506 631 525 842 544 759 531 714 474 778 448
1018 564 1012 459 957 461 929 470 982 456 971 420 954 395 1051 467 1012 428 932 425 885 467
1245 556 1147 624 1153 624 1258 624 1147 624 943 612 863 587 1011 636 961 630 968 587 1017 605
977 567 951 534 999 519 1077 464 969 523 880 482 851 464 851 530 851 508 914 471 977 490
1034 433 992 518 1024 502 1135 502 1002 508 864 476 816 455 912 487 854 508 901 455 960 481
1022 410 878 437 891 417 1008 396 878 430 678 465 609 472 795 506 712 479 698 444 760 437
801 541 957 573 951 586 886 476 963 586 1158 560 1229 541 1067 528 1139 547 1145 580 1100 612
775 553 945 580 932 594 877 491 945 587 1129 566 1190 546 1034 539 1115 573 1109 580 1081 628
620 404 731 490 711 515 620 409 731 505 909 551 1000 561 888 500 909 520 878 571 797 596
922 277 956 363 883 401 802 350 930 371 968 452 998 486 1079 440 1037 461 883 469 819 440
827 428 860 510 822 553 712 537 849 532 1013 575 1090 592 1008 526 1013 553 964 603 866 619
579 410 675 494 675 518 579 410 687 506 902 530 986 524 842 494 884 506 878 535 806 583
827 386 854 484 789 522 691 484 811 495 947 560 1017 576 1012 489 1001 533 881 582 789 576
1016 384 973 477 1000 455 1120 460 978 466 837 422 793 406 891 449 831 455 875 411 951 411
917 600 1042 600 1088 629 1059 526 1077 595 1225 572 1265 543 1111 583 1191 560 1230 606 1213 617
866 494 943 500 997 506 997 509 976 494 1029 464 1062 440 931 482 985 461 1071 476 1086 514
958 639 1114 645 1108 658 1095 561 1127 645 1290 626 1336 600 1192 632 1290 671 1271 645 1173 626
1101 395 1009 442 973 411 1004 313 978 436 839 483 767 503 983 508 896 508 814 457 891 426
702 435 785 518 791 544 702 428 798 531 1016 525 1086 518 964 499 1003 505 996 531 971 576
695 401 796 491 790 508 695 401 801 502 1008 519 1087 519 924 474 986 502 980 519 924 575
836 389 863 478 796 505 712 496 840 491 898 584 925 624 996 553 960 575 818 598 747 584
897 393 875 407 774 400 893 385 838 411 782 482 778 508 934 474 871 489 715 482 682 463
1050 512 982 543 1024 522 1144 533 992 528 887 486 851 470 924 486 867 517 929 470 987 475
920 408 856 434 778 434 916 400 841 430 763 494 759 531 939 494 864 505 699 483 692 460
979 484 908 566 930 566 1066 549 919 566 749 544 684 533 810 577 749 571 782 522 820 549
1024 363 951 447 979 430 1113 436 963 436 806 408 751 391 857 453 801 447 845 386 924 386
1162 405 1069 497 1057 485 1162 417 1057 491 854 497 774 491 946 534 879 504 885 473 940 479
911 340 937 434 860 442 783 421 911 438 950 528 988 575 1065 511 1022 532 881 541 808 519
642 431 744 527 731 546 635 437 744 539 967 546 1050 539 903 514 948 520 942 539 897 603
915 468 990 542 984 574 915 461 996 561 1202 567 1283 555 1121 530 1171 549 1183 586 1152 580
1307 574 1172 544 1178 527 1313 550 1172 539 1001 515 931 503 1043 568 1007 539 1031 491 1090 503
902 611 1017 611 1059 636 1029 527 1053 623 1204 569 1247 545 1132 581 1162 563 1210 605 1204 623
1116 481 1025 560 1025 542 1110 475 1013 548 812 548 739 542 897 590 836 572 848 523 897 542
997 454 854 493 847 474 984 441 847 487 652 500 561 500 756 546 672 520 672 474 737 461
1064 443 978 477 944 448 949 348 949 467 825 529 791 558 992 529 906 544 810 491 853 458
969 470 815 505 822 484 962 463 815 491 620 519 550 526 731 561 648 533 641 491 711 484
978 535 968 515 1012 498 1098 443 981 505 909 450 889 429 868 498 885 467 947 439 1005 460
1243 684 1124 650 1130 622 1226 554 1124 633 927 622 859 605 983 672 938 644 955 605 1028 599
1099 416 1003 467 978 437 988 331 988 457 847 507 797 532 1008 522 913 532 832 477 898 442
1085 394 992 481 985 463 1079 394 979 469 773 475 691 469 866 519 791 488 798 450 854 469
922 547 929 558 975 533 1055 477 950 547 883 484 866 460 834 530 852 498 915 470 971 491
805 375 827 468 751 490 667 477 809 473 867 570 916 593 960 535 929 557 783 584 707 566
1069 403 947 445 923 415 1026 336 935 427 735 457 650 476 862 500 777 482 753 439 789 421
947 355 903 384 816 370 863 333 860 388 768 446 761 468 936 454 860 450 713 439 702 417
968 451 983 463 1038 454 1090 414 1011 457 968 399 937 383 906 448 946 396 995 392 1038 420
1214 602 1096 590 1102 566 1220 513 1096 572 908 560 831 537 967 607 920 578 937 537 1002 531
897 390 910 435 807 439 782 423 868 439 922 534 930 554 1041 509 987 525 844 538 782 513
838 578 985 616 991 628 934 527 991 622 1201 603 1264 578 1105 590 1175 590 1188 622 1143 666
1020 444 934 483 910 459 905 353 910 473 786 540 757 569 958 540 738 545 772 502 834 468
773 419 794 514 746 545 646 519 767 535 905 582 979 598 963 514 942 556 841 603 746 609
1102 494 1027 574 1021 574 1165 574 1021 574 809 574 734 563 849 517 832 597 838 597 889 557
676 395 716 473 676 507 579 390 701 493 872 537 960 546 852 493 877 517 833 556 735 576
1159 655 1033 631 1039 607 1117 517 1027 613 835 613 763 595 913 655 865 613 865 595 925 595
974 437 880 531 874 513 968 431 867 525 660 531 572 531 761 575 679 544 685 506 742 513
881 643 1026 656 1046 669 1019 564 1052 656 1204 630 1250 590 1092 623 1171 610 1198 656 1191 669
884 498 894 519 938 502 1023 444 911 505 843 447 823 424 792 491 809 461 874 437 928 458
900 629 1022 642 1067 667 1029 558 1061 648 1209 610 1254 584 1119 616 1177 590 1222 648 1202 661
793 391 886 483 879 508 793 403 892 502 1107 514 1193 508 1045 477 1088 489 1082 514 1051 569
901 382 882 413 796 413 730 355 847 417 816 487 808 514 959 475 897 491 742 495 699 471
944 452 1014 487 1056 510 1014 545 1037 487 1134 448 1161 425 1053 464 1099 440 1157 460 1165 506
1072 457 981 489 949 457 954 357 958 480 845 534 818 566 1013 543 800 525 827 498 863 475
945 367 954 455 901 489 798 455 925 470 1048 534 1121 558 1126 470 1097 519 984 553 896 548
785 485 861 561 861 595 771 492 875 582 1089 568 1158 568 1082 519 1054 554 1075 609 1110 637
1093 368 1001 398 965 368 975 270 975 393 842 444 796 475 1006 460 914 470 817 419 893 383
1077 438 986 473 951 448 971 347 961 468 825 523 764 549 976 539 885 544 794 498 880 463
1004 420 949 505 974 487 1101 493 949 493 810 462 762 444 895 462 810 493 840 444 913 426
780 423 865 508 858 534 780 423 871 527 1086 540 1158 514 1067 482 1073 521 1073 566 1054 566
1090 401 968 441 939 401 997 313 945 430 782 465 700 488 921 506 840 500 764 441 828 412
876 438 965 442 890 485 801 442 951 461 1031 541 1083 574 1130 504 1092 532 951 565 876 541
1833 203 1833 185 1823 183 1818 200 1829 183 1837 149 1842 136 1840 169 1843 156 1826 153 1816 167
1177 675 1059 647 1070 619 1155 535 1054 630 868 614 795 591 919 664 880 636 896 591 953 597
1081 430 977 479 945 441 988 348 945 474 802 517 731 534 956 539 863 534 786 490 868 452
1010 483 885 527 860 489 941 408 872 508 673 546 592 564 810 583 723 577 679 521 717 508
906 576 1067 607 1074 620 1030 514 1080 620 1241 583 1291 551 1142 558 1210 564 1241 595 1217 651
1158 441 1066 521 1066 509 1152 435 1060 515 858 509 772 496 938 552 870 527 889 478 932 503
876 613 998 618 1039 647 1016 537 1033 624 1178 584 1213 555 1097 595 1137 572 1184 613 1172 636
1155 526 1081 600 1081 606 1230 613 1074 600 863 600 782 588 932 588 894 606 876 619 913 563
956 388 952 418 850 410 831 395 933 414 944 497 948 539 1069 482 1009 501 869 505 804 490
1052 391 972 421 934 391 930 294 947 408 837 471 816 497 997 475 921 488 799 446 837 404
907 374 924 436 815 436 790 424 886 440 936 528 957 562 1053 511 1003 528 857 541 794 516
1058 512 1051 461 1009 457 961 463 1034 455 1020 424 1003 388 1100 463 1056 421 981 419 926 457
1085 455 1012 534 1051 528 1165 528 1029 534 853 506 790 483 904 551 858 540 892 489 921 517
879 493 1036 535 1042 559 969 451 1054 553 1235 535 1301 523 1144 505 1199 523 1223 559 1168 595
1088 434 992 476 965 439 992 343 971 465 832 508 763 529 981 535 886 535 811 487 880 455
1266 574 1138 539 1144 533 1272 557 1144 539 964 516 894 499 1022 568 969 545 993 493 1063 499
909 397 945 492 891 540 795 498 915 522 1059 570 1131 582 1071 510 1107 540 993 588 897 588
1065 463 1027 437 1074 429 1167 378 1048 433 947 382 904 361 930 425 917 408 985 369 1040 391
1114 434 1045 514 1068 520 1211 526 1051 514 868 503 805 486 925 531 874 537 902 474 942 497
1091 458 988 549 988 531 1091 458 982 537 787 543 702 537 872 585 799 561 818 519 866 531
1195 633 1069 616 1069 586 1147 496 1063 598 879 598 801 574 944 633 902 622 902 568 968 562
1297 617 1168 591 1174 571 1316 565 1168 578 987 552 916 533 1052 604 1000 578 1019 533 1084 546
815 468 858 553 797 596 699 578 828 584 987 627 1066 651 993 572 1017 590 950 657 834 663
993 557 1160 589 1167 608 1122 505 1173 602 1341 570 1392 544 1231 557 1315 550 1328 576 1302 634
862 524 934 524 984 526 961 564 968 522 1001 483 1015 458 903 505 969 478 1042 492 1067 535
1062 428 984 506 1020 506 1134 500 1002 506 821 488 755 470 875 518 839 512 851 464 887 494
1187 669 1075 641 1080 613 1159 535 1069 624 879 613 806 596 935 663 890 641 912 591 979 591
636 380 724 473 719 494 626 385 729 489 930 509 1018 520 863 463 904 494 904 520 827 571
959 502 965 474 1017 465 1086 411 989 468 938 411 917 390 880 459 911 423 968 405 1017 429
970 555 942 527 984 513 1059 445 956 520 857 474 828 456 839 516 832 491 892 459 956 474
955 379 912 412 844 387 837 290 869 397 783 476 761 494 937 465 865 480 726 462 743 426
1053 465 939 509 906 482 955 389 912 509 755 557 679 574 906 574 814 574 728 530 825 487
953 463 888 549 915 533 1045 539 904 539 748 506 693 484 791 544 737 544 785 484 867 484
277 242 321 194 359 211 328 255 342 194 393 153 414 129 314 149 355 153 424 170 455 187
240 227 317 200 337 227 264 250 333 212 433 181 471 162 348 162 390 166 448 212 437 227
431 372 374 201 279 176 262 135 322 190 347 282 352 348 434 222 401 269 279 282 208 241
324 175 333 188 260 184 202 195 293 186 298 301 282 337 398 241 360 284 233 286 180 248
208 162 318 185 259 201 268 139 300 201 378 310 417 373 422 216 429 272 311 320 224 292
281 220 347 189 376 217 316 245 366 198 442 170 480 157 366 154 407 160 464 192 477 208
273 150 325 184 251 198 190 167 277 184 368 280 403 324 368 176 421 245 303 293 229 272
256 236 251 176 299 172 317 222 274 170 267 119 267 94 194 135 233 128 306 128 340 128
231 144 293 167 255 202 200 171 289 187 394 237 449 264 355 164 421 198 340 253 278 245
434 197 363 214 348 188 401 175 354 200 253 221 202 237 344 238 291 239 251 200 277 176
233 146 353 197 275 203 311 143 332 200 370 313 391 379 445 236 430 280 305 313 225 280
270 233 254 181 299 173 331 223 275 173 254 128 251 101 188 146 220 138 296 133 333 130
293 235 262 190 307 178 350 224 284 181 247 133 230 113 190 161 216 144 290 136 327 136
279 248 297 186 346 188 344 248 321 183 339 137 348 108 263 143 304 141 373 148 411 152
198 179 271 191 255 215 194 203 263 203 388 227 452 243 343 171 396 199 351 251 311 247
263 245 270 183 324 183 328 241 296 178 302 131 306 98 227 142 265 135 341 137 380 142
188 210 263 210 254 232 188 228 263 223 404 223 483 232 338 184 386 197 377 254 325 254
420 195 364 211 351 185 388 173 354 200 250 219 199 232 343 233 286 239 247 200 270 175
341 246 269 220 292 197 364 217 275 207 186 177 157 154 177 210 167 200 219 167 265 158
255 227 323 196 346 223 286 249 342 204 429 178 467 159 357 159 399 166 444 200 452 212
189 214 269 210 269 235 193 240 278 218 409 223 481 218 346 185 396 197 384 248 341 248
441 202 380 218 363 193 412 180 363 205 268 226 216 237 355 241 298 243 258 208 284 182
210 139 264 164 221 207 170 164 257 186 368 258 418 304 386 182 400 225 300 275 228 265
291 223 352 184 387 205 337 241 373 191 441 152 469 127 362 141 402 145 462 170 491 191
301 217 358 181 394 206 340 238 379 188 451 152 476 134 372 142 411 145 472 174 490 195
372 255 285 251 297 225 376 231 287 236 163 231 101 221 210 260 173 255 190 210 238 193
400 217 340 231 329 203 386 185 326 217 219 227 162 235 304 245 251 249 226 206 258 181
299 232 257 202 293 184 345 217 269 187 217 147 196 120 181 171 190 159 263 144 302 138
388 237 308 239 307 214 376 204 302 227 181 231 113 234 248 260 200 255 197 204 238 187
316 136 319 188 250 177 342 197 293 396 296 255 299 249 400 243 359 263 233 260 175 252
293 242 245 208 278 190 336 220 260 193 203 157 182 127 160 187 169 172 242 148 281 145
366 258 287 242 303 214 386 234 291 230 189 202 145 187 196 238 181 230 224 187 264 175
374 255 283 251 289 230 366 224 285 237 157 238 87 228 210 264 170 258 187 214 229 193
256 246 291 194 334 206 314 252 314 197 352 148 360 122 271 151 308 151 380 165 418 171
245 227 324 197 339 223 272 249 339 201 425 178 462 160 350 160 391 167 444 204 440 223
185 204 257 199 257 229 185 229 266 216 397 216 470 221 338 178 380 187 380 246 334 246
367 256 281 249 289 221 366 225 283 233 158 223 98 211 212 242 167 246 187 204 229 187
364 243 273 240 279 216 356 210 271 228 149 232 73 232 209 261 165 255 174 203 223 192
265 234 251 177 296 172 325 222 272 172 263 127 260 98 191 141 227 134 299 131 337 129
190 171 252 184 244 213 182 192 256 196 381 229 447 246 323 163 389 200 339 262 277 254
295 216 361 183 391 207 337 237 379 189 454 159 484 144 376 144 418 153 478 180 493 198
219 227 302 208 314 231 235 255 314 216 428 192 475 176 349 164 396 176 432 224 393 227
250 142 375 214 279 191 221 203 317 200 346 307 363 374 436 235 410 284 282 301 207 264
239 238 239 176 287 176 303 226 263 173 261 123 263 96 186 134 223 131 303 131 338 131
373 236 289 234 293 215 364 206 287 224 168 229 107 225 232 256 184 251 191 201 230 187
358 263 269 246 286 217 363 229 278 229 155 217 100 208 201 242 159 246 197 196 244 183
275 242 301 188 344 194 336 247 326 186 354 140 365 114 277 142 319 142 385 152 421 163
207 150 289 177 254 208 199 185 285 196 387 239 457 251 352 169 410 204 340 255 278 247
397 180 350 169 276 175 260 117 317 191 334 279 334 331 424 219 394 257 271 273 205 232
407 224 340 181 266 192 259 129 301 202 314 291 308 344 414 233 376 275 254 282 192 241
402 227 326 234 319 208 386 202 322 223 192 235 128 250 275 262 217 255 202 210 241 192
234 140 290 173 235 199 201 168 281 191 365 295 409 349 406 204 413 256 293 299 219 283
286 231 340 185 379 207 333 246 361 189 425 150 450 128 343 146 386 146 450 167 475 185
355 245 277 225 297 201 373 216 283 210 183 190 149 168 196 221 170 214 220 175 264 166
197 161 268 181 244 208 173 189 260 196 382 228 441 248 327 165 394 200 343 264 276 252
407 209 348 223 338 200 387 186 338 211 232 230 174 235 312 247 261 248 230 209 253 186
375 261 294 245 306 220 387 233 294 233 181 212 132 200 221 237 173 241 221 192 274 188
196 226 283 213 283 238 201 251 287 226 416 217 488 215 346 185 393 194 406 245 368 253
367 253 274 251 278 228 355 222 272 238 145 240 75 235 203 267 159 261 168 216 211 199
434 202 377 218 357 193 409 177 357 207 263 225 209 234 354 239 298 243 257 204 284 180
399 232 320 238 317 213 386 200 315 225 194 234 121 240 268 258 218 257 208 205 254 190
404 218 333 233 326 207 386 194 327 220 210 230 151 242 290 253 236 253 220 203 244 187
226 226 309 202 328 230 250 253 325 214 431 186 474 167 352 163 395 171 443 218 431 230
347 242 271 215 294 192 367 212 277 202 185 179 152 159 185 209 168 202 218 169 264 156
200 228 283 213 286 235 204 251 289 223 417 211 482 203 345 177 389 185 411 239 376 246
193 170 257 186 245 210 181 194 257 198 383 226 456 238 330 166 391 194 342 259 290 242
182 211 266 207 261 223 186 228 270 215 399 219 470 219 341 182 391 194 374 244 332 240
187 182 262 191 249 217 183 213 262 209 393 231 463 239 345 178 398 204 358 253 314 244
302 228 258 189 300 175 350 214 277 178 235 139 213 116 185 164 205 150 274 136 316 133
255 248 294 199 333 215 307 261 316 199 359 157 375 131 281 153 323 157 388 173 421 183
299 245 242 215 272 191 338 221 257 200 188 168 168 144 162 194 162 182 221 159 260 153
426 206 359 218 347 194 401 184 351 208 245 226 196 234 331 242 280 242 246 204 264 182
315 252 252 218 281 196 348 225 264 202 188 172 167 148 168 206 168 191 227 165 262 162
206 227 289 214 294 235 214 252 298 223 415 206 477 193 344 177 377 181 410 235 377 239
270 245 298 189 342 197 328 247 323 189 356 144 367 114 276 142 315 144 387 156 420 164
293 243 237 211 272 187 334 222 251 193 189 163 172 140 157 193 157 178 225 154 263 149
179 135 258 169 213 203 164 176 255 187 360 236 420 259 364 169 390 203 300 255 236 251
290 234 265 182 309 174 347 223 287 176 257 130 251 105 196 152 224 141 301 132 336 135
206 228 291 212 299 232 218 252 299 220 416 199 477 187 343 171 384 179 412 232 376 236
185 147 243 176 192 220 134 172 232 194 345 252 396 285 356 183 374 220 280 271 214 267
296 229 259 187 301 176 346 218 279 179 240 134 223 112 184 162 209 148 279 134 318 134
237 143 324 194 228 199 195 175 278 199 361 305 398 355 403 208 412 263 292 314 205 295
193 200 257 204 253 234 180 225 261 221 403 230 489 247 343 182 394 200 377 251 321 251
335 251 261 219 293 197 364 223 274 203 191 171 165 149 178 210 172 194 229 165 271 159
422 224 361 224 361 220 369 203 365 220 255 291 199 326 376 273 312 302 238 259 277 217
247 199 306 222 267 234 204 211 283 226 413 321 492 365 381 238 436 290 365 329 290 293
430 220 368 224 364 216 390 194 368 224 246 286 183 316 375 268 309 297 231 257 283 209
207 257 264 199 303 217 261 272 285 205 331 139 352 115 255 160 294 145 361 154 364 181
203 220 303 225 298 254 183 254 308 240 503 244 593 254 393 195 473 215 483 279 388 289
213 223 318 208 323 243 203 258 323 228 503 208 578 193 388 178 468 183 498 238 413 258
443 241 375 267 367 224 405 203 375 233 228 288 148 313 358 288 278 309 215 258 270 220
381 205 328 211 303 214 340 186 328 220 259 286 222 327 378 255 325 289 234 255 259 211
296 274 218 229 251 196 329 233 230 208 123 150 86 122 123 204 94 175 169 142 222 154
250 187 305 208 275 233 208 212 292 225 418 305 498 338 380 221 443 271 372 313 296 292
208 205 313 215 313 250 198 235 308 235 493 250 588 245 393 190 473 210 478 285 383 275
275 278 228 224 268 197 322 244 248 207 184 144 164 107 154 191 154 161 225 144 265 164
448 228 384 233 363 215 414 198 376 224 218 284 133 301 346 284 269 301 201 258 261 220
424 241 324 251 319 217 405 203 319 231 147 265 61 274 271 274 180 284 156 241 238 212
201 260 272 210 308 235 247 285 294 214 376 157 411 135 290 167 336 153 400 182 383 203
372 211 328 211 300 218 353 196 319 221 260 292 216 330 378 255 325 292 232 261 260 215
284 271 220 222 258 193 332 237 235 204 146 141 116 118 135 193 120 167 187 137 243 156
298 270 217 223 247 188 337 227 226 205 110 145 72 124 123 205 89 175 153 137 213 154
278 273 220 223 260 194 324 237 238 205 152 144 119 118 137 194 126 165 195 144 242 158
421 224 372 232 350 222 368 205 363 224 235 286 168 317 365 271 289 299 215 260 265 219
208 230 313 190 328 235 218 265 328 210 478 175 543 150 378 160 443 155 488 210 433 240
237 182 299 205 277 236 197 209 295 222 429 276 509 307 375 200 437 245 384 298 299 285
213 225 323 215 323 250 203 260 328 230 518 220 598 210 393 180 483 195 508 255 423 265
184 192 272 202 267 241 170 221 282 226 453 241 536 246 360 177 433 202 433 275 336 260
204 226 297 189 316 231 218 268 311 212 456 165 512 147 358 156 414 147 465 193 418 231
430 242 330 266 320 218 406 204 315 237 147 276 61 290 277 290 191 300 157 247 234 223
235 181 291 212 259 236 196 201 275 224 409 311 485 351 382 228 429 276 362 327 287 288
416 238 357 269 337 230 388 203 341 246 224 289 149 316 353 281 275 305 200 262 255 222
218 224 323 219 323 254 203 259 328 234 518 229 598 229 398 189 483 204 503 269 418 279
366 273 267 235 295 207 390 230 276 216 125 173 69 159 172 235 120 202 163 159 238 169
429 252 317 247 325 220 415 210 317 232 127 249 48 254 246 276 159 274 152 227 232 203
223 263 266 204 312 215 282 271 289 207 325 135 338 112 253 163 287 145 356 151 358 176
372 275 269 241 294 207 391 231 279 216 118 177 64 163 181 241 118 207 152 163 235 167
431 235 371 259 355 223 399 202 367 235 226 287 149 311 363 279 278 303 210 263 266 218
393 263 284 233 304 204 407 228 294 213 122 184 58 169 191 238 127 218 161 169 240 169
372 205 328 209 299 212 337 183 328 218 255 285 213 323 375 253 324 288 232 253 255 209
250 185 306 207 280 233 211 207 302 224 423 298 505 332 384 211 444 263 379 315 323 263
221 234 313 192 337 234 244 271 332 211 457 164 503 137 360 155 415 150 475 192 438 220
372 219 330 219 311 225 356 203 340 229 256 297 201 329 365 274 314 300 230 267 265 222
428 224 339 242 330 211 401 197 339 224 170 269 90 291 299 269 223 287 174 246 246 211
423 250 321 246 323 219 416 208 316 231 138 251 57 256 253 271 167 273 158 231 235 206
220 240 310 195 332 236 247 272 328 213 449 164 490 137 346 159 404 150 463 191 431 218
218 230 308 194 331 230 231 267 327 207 458 162 508 139 358 153 418 148 477 198 427 221
408 268 293 243 303 213 413 223 293 223 114 208 44 193 193 253 119 233 148 188 228 183
418 239 319 258 320 221 397 207 322 235 150 279 64 291 280 283 194 300 157 251 232 223
428 219 391 222 365 215 380 200 369 219 252 288 193 317 380 270 310 295 237 255 289 204
296 270 225 222 261 190 340 234 237 202 137 139 106 115 134 194 114 167 177 131 233 151
413 219 357 222 353 215 364 205 360 219 255 293 202 324 371 272 318 300 241 261 279 212
245 194 300 221 261 237 198 205 277 225 414 319 484 354 378 237 433 287 363 327 284 291
238 255 273 197 317 206 299 269 296 199 322 134 327 106 252 162 285 141 352 145 362 171
272 276 221 225 261 198 316 245 238 208 167 144 146 117 150 204 140 167 207 144 255 161
222 184 291 198 263 230 185 207 277 211 419 271 497 289 364 198 424 234 373 289 291 276
427 232 336 250 322 213 400 200 327 232 159 273 77 291 295 277 209 291 168 250 241 213
385 264 276 229 300 205 399 224 286 214 122 180 63 175 182 234 122 209 152 165 236 170
203 213 303 213 313 253 183 253 313 233 493 238 583 238 383 188 463 208 488 268 388 278
405 256 296 241 306 211 405 221 296 221 113 221 43 211 212 261 133 246 147 201 232 191
208 212 303 217 298 252 183 252 308 237 498 247 588 252 398 192 473 217 473 282 383 282
264 271 221 213 267 190 315 245 244 200 189 139 166 116 153 181 160 155 231 139 267 158
201 215 304 226 269 234 257 207 276 238 419 329 494 369 383 246 442 297 367 333 379 242
221 239 301 197 331 230 247 273 323 209 432 159 474 133 335 159 394 146 449 188 428 213
424 231 346 252 333 218 389 201 337 231 190 274 108 300 316 274 242 296 182 248 251 209
430 255 308 248 321 220 415 218 308 228 121 248 39 245 236 278 148 275 146 225 228 198
204 254 279 205 309 231 245 280 298 213 392 152 426 130 301 164 354 149 414 179 395 201
326 261 238 225 266 192 358 225 247 206 114 156 68 137 155 220 105 183 151 146 220 151
213 231 318 211 323 241 208 266 323 226 498 201 568 191 383 176 458 176 498 236 423 256
213 232 323 207 333 242 218 272 333 222 498 192 568 177 388 172 463 172 503 227 433 257
203 213 308 213 313 253 183 253 308 233 498 243 588 243 388 193 468 213 483 278 388 283
418 229 332 252 323 211 382 197 332 224 173 274 91 292 305 274 228 288 173 247 241 211
195 210 302 226 266 234 251 206 278 230 414 325 489 369 378 242 437 294 366 329 378 242
204 257 267 200 300 224 252 278 288 206 345 146 369 122 270 164 309 149 375 164 375 182
240 208 296 232 280 236 200 220 296 248 420 332 500 376 380 248 444 304 368 332 380 244
316 261 230 220 257 188 348 220 239 202 112 152 71 134 139 211 103 175 153 143 217 152
256 262 276 201 325 203 325 264 300 198 303 127 305 101 246 159 271 137 339 140 356 167
433 248 318 248 323 213 418 208 318 228 138 248 64 248 253 273 173 273 158 223 238 198
198 192 298 202 293 237 193 217 303 227 478 237 568 237 383 177 458 202 468 272 373 262
261 261 276 200 328 202 331 261 303 200 301 128 301 103 242 163 266 138 338 140 355 165
201 263 265 213 299 236 245 283 285 216 362 156 389 129 275 169 325 152 386 176 369 206
408 267 298 242 313 207 418 227 303 217 128 192 64 172 198 247 133 227 163 177 243 177
266 264 276 202 326 202 333 259 301 199 296 127 293 103 239 165 261 140 331 140 346 160
402 216 354 219 341 219 364 202 347 222 252 298 201 325 364 274 313 298 235 260 272 216
404 265 290 245 305 216 404 226 295 226 103 211 33 201 192 255 117 241 137 191 226 186
248 276 223 211 265 197 305 254 242 203 200 140 183 109 160 186 169 154 240 140 274 166
247 259 275 201 323 211 309 271 302 201 319 132 326 103 254 161 283 139 350 144 364 173
211 182 276 195 266 232 188 214 280 214 418 269 496 292 363 195 423 228 381 287 289 260
264 263 271 198 322 196 333 256 296 194 282 129 280 106 229 168 250 141 322 138 340 161
210 241 291 199 316 229 240 271 307 208 417 157 451 127 316 157 375 148 434 182 413 208
271 269 219 224 261 193 316 235 237 204 157 145 130 117 143 197 133 162 199 141 247 155
246 284 233 218 282 208 312 267 256 211 223 142 213 116 177 188 190 157 264 149 290 172
415 233 360 234 343 224 386 200 357 227 225 287 153 311 350 277 274 301 205 262 257 223
260 273 260 203 310 199 330 258 284 199 267 132 265 110 217 170 236 143 303 139 327 163
247 279 227 213 273 199 310 259 250 205 213 144 193 113 170 185 178 159 253 144 285 170
218 215 313 215 318 250 193 255 318 235 498 230 583 230 388 190 468 205 493 260 403 270
208 214 308 214 313 248 188 253 313 228 493 233 578 233 383 189 463 204 488 263 393 273
423 256 308 251 313 216 413 221 308 226 118 236 44 236 228 276 143 271 143 211 228 196
200 258 266 208 300 230 247 280 284 211 353 149 372 130 269 167 312 152 378 170 369 195
230 256 269 199 313 207 293 267 293 199 321 132 331 106 251 160 282 142 352 145 360 173
244 271 215 213 261 196 302 248 238 202 188 140 165 111 154 187 159 158 229 138 264 164
414 255 300 245 310 215 409 220 300 225 117 225 38 220 216 265 137 255 147 205 226 195
212 255 268 200 306 220 259 270 288 206 341 144 364 121 265 162 303 147 370 159 370 182
237 185 296 210 262 235 204 210 279 227 416 306 487 352 374 223 433 277 366 314 362 214
202 246 276 203 303 231 229 281 295 215 400 157 435 130 303 161 361 149 416 184 392 207
341 266 249 233 269 199 365 228 254 209 114 165 71 141 163 228 110 194 153 151 220 156
375 264 271 234 296 204 395 229 281 214 118 175 63 165 177 234 113 204 157 160 237 165
249 189 303 214 261 235 207 210 295 235 417 307 493 345 379 223 438 273 371 315 312 277
208 226 318 206 318 241 198 261 323 226 493 206 568 191 383 176 458 181 493 236 413 251
252 181 313 207 291 233 212 207 304 220 430 294 513 324 387 211 452 263 387 311 317 272
416 247 314 247 314 218 401 209 309 233 134 257 52 267 251 276 168 281 149 233 227 209
187 190 268 200 254 233 159 219 258 214 423 261 508 266 353 190 419 219 386 280 301 266
368 218 324 218 303 224 358 209 327 227 257 295 213 332 371 264 318 298 232 261 257 221
255 262 282 201 328 206 321 269 306 201 318 130 321 101 255 159 282 135 350 140 365 167
207 224 309 195 324 229 222 263 319 209 469 171 523 146 363 156 426 151 474 204 426 238
244 204 292 228 268 252 205 220 288 240 419 327 490 367 387 248 438 299 371 331 300 299
193 196 288 201 283 241 183 221 298 226 468 231 553 236 368 176 443 196 453 266 538 301
213 231 318 201 333 241 218 271 328 221 488 186 548 166 378 166 453 161 498 221 438 251
246 180 306 202 285 237 207 206 302 220 432 285 510 315 384 206 450 254 380 306 306 289
256 284 248 213 296 205 319 264 273 205 245 139 238 111 197 177 215 149 286 144 309 170
215 263 261 203 304 220 274 276 285 209 328 139 344 112 253 163 290 144 357 158 360 182
187 194 268 204 259 242 167 218 264 223 437 252 524 257 355 184 427 213 418 285 321 271
196 186 269 199 260 231 168 213 274 218 416 264 499 277 352 190 416 222 380 287 292 259
407 260 293 235 303 210 407 220 298 220 113 210 39 200 203 250 128 240 143 195 233 185
313 310 261 258 298 232 379 269 276 244 210 192 195 162 169 240 177 207 247 185 294 185
219 267 295 237 321 259 264 308 313 240 411 177 434 150 336 192 377 173 430 192 426 222
242 253 323 225 344 249 270 294 340 233 446 176 478 147 364 176 413 163 462 196 454 225
382 308 274 293 285 268 380 266 264 281 132 263 78 249 181 310 139 291 158 240 218 236
350 329 265 276 302 256 395 284 277 264 187 215 163 191 167 268 163 240 228 207 285 227
186 275 230 226 272 234 272 287 252 231 281 168 299 141 206 195 247 170 308 185 323 177
375 318 293 285 298 251 394 275 288 275 163 237 139 203 183 285 154 265 202 227 264 232
184 248 281 226 294 253 202 292 294 235 427 182 471 160 334 186 391 169 431 217 405 244
218 212 304 212 308 240 208 255 308 226 475 212 542 197 389 193 447 188 466 240 394 259
290 298 266 245 306 235 370 275 283 238 236 184 219 161 189 228 206 194 273 184 306 177
348 329 279 276 313 253 401 283 294 260 206 211 191 184 179 260 175 230 244 203 298 218
385 305 280 299 286 269 383 267 275 282 136 267 74 252 190 311 141 293 158 246 221 239
376 305 276 293 282 263 380 263 269 276 130 261 77 246 171 312 130 291 155 242 212 237
199 246 298 223 307 259 208 291 312 237 457 196 512 178 366 187 426 178 462 228 426 259
268 286 273 225 320 220 358 271 295 220 283 160 283 135 213 203 250 173 315 168 343 170
218 272 278 232 311 246 288 289 298 232 351 176 381 142 281 192 321 176 375 199 381 192
221 267 250 212 297 217 312 265 273 212 288 155 297 126 211 186 254 162 319 164 335 164
216 221 280 221 284 257 185 262 289 239 456 235 519 226 366 212 429 208 438 257 370 266
273 284 271 227 313 219 360 263 289 221 263 164 263 140 203 208 234 177 297 169 331 169
173 251 272 229 285 260 182 296 285 238 433 189 482 166 339 189 397 175 433 225 401 256
381 316 284 291 289 262 390 272 279 277 143 248 100 228 177 301 138 277 167 223 226 228
250 275 265 217 308 217 338 267 288 217 280 159 283 134 212 197 247 169 315 169 338 167
238 269 257 212 302 214 324 260 281 212 283 154 286 130 209 190 247 164 314 164 336 164
360 321 279 278 305 253 394 274 288 261 181 219 160 193 177 274 160 244 220 210 279 227
370 314 280 283 294 251 384 269 285 265 154 233 113 211 185 287 154 265 181 215 253 229
385 312 277 293 287 264 389 269 277 278 135 259 91 234 175 308 131 283 165 229 228 229
201 271 237 217 281 220 286 275 261 217 286 161 295 135 208 191 252 166 315 174 324 164
199 264 270 235 299 256 256 299 288 242 363 181 388 156 299 188 335 174 385 199 381 213
225 257 316 230 334 257 248 302 330 239 447 180 479 148 366 180 416 175 465 198 443 234
237 200 275 222 241 243 185 226 271 226 409 269 478 273 357 226 409 222 366 291 271 243
205 207 261 211 252 245 167 241 265 228 411 237 475 237 355 207 398 207 389 262 312 267
354 326 272 281 301 256 390 281 284 264 186 220 158 195 170 273 158 244 223 211 280 228
293 293 253 243 293 228 369 264 271 232 217 189 196 156 170 232 188 203 250 181 289 170
218 274 280 236 311 250 280 298 297 236 366 170 387 136 297 195 332 181 387 198 383 201
275 282 273 223 316 218 362 264 293 218 270 165 270 139 209 205 242 175 303 167 336 170
297 294 265 248 304 234 370 269 283 238 230 189 216 158 189 231 202 200 265 186 304 179
212 225 301 212 310 243 208 265 315 225 471 198 533 185 386 185 444 176 462 234 422 256
197 270 246 224 284 229 276 284 265 227 295 169 325 142 221 194 262 172 325 183 336 178
169 253 268 231 281 258 183 298 281 240 425 190 474 168 340 190 384 172 429 222 398 249
220 209 277 223 269 262 185 244 277 240 402 261 466 270 321 209 400 225 374 288 281 244
234 252 319 227 336 252 260 299 332 235 446 176 480 150 362 176 413 167 463 197 446 231
243 251 327 227 347 251 275 295 339 235 447 176 475 148 367 180 415 168 463 196 459 219
356 324 271 279 299 251 388 275 279 263 182 218 157 194 173 271 153 243 218 210 279 227
306 306 258 257 295 232 373 269 273 243 210 183 191 161 173 239 184 202 243 180 288 183
370 305 278 286 288 252 379 267 278 267 148 243 100 219 177 291 139 272 177 219 240 224
239 206 291 227 282 262 201 240 287 240 411 266 480 275 330 214 407 227 386 296 299 249
210 238 310 224 319 256 219 288 319 238 468 202 522 183 382 188 437 179 473 229 427 260
219 267 253 213 297 218 307 269 278 213 295 160 302 135 217 189 261 164 326 172 343 167
240 191 300 210 278 244 198 223 295 232 421 263 490 274 355 210 426 225 384 286 308 242
213 212 296 212 296 239 195 248 300 221 456 212 515 202 378 198 428 193 437 239 369 253
194 245 285 216 297 249 214 286 297 228 422 179 463 154 339 174 389 162 434 203 409 233
356 332 276 276 316 256 401 284 292 264 204 212 188 183 176 264 176 240 240 208 296 224
252 198 301 210 276 243 202 223 297 231 425 264 490 272 355 210 429 227 388 288 309 243
185 206 248 215 245 253 146 243 259 233 399 249 464 250 340 209 392 213 376 275 290 241
209 219 288 219 288 252 189 257 295 235 453 224 517 215 373 206 427 200 434 248 363 261
212 198 268 211 246 246 177 228 268 228 394 263 464 276 320 207 394 224 364 293 277 246
215 272 242 212 291 215 309 264 267 212 277 153 282 126 200 190 242 161 309 163 326 163
227 217 299 222 295 254 195 258 299 240 458 236 525 236 390 213 439 213 435 263 367 276
218 225 296 225 292 258 194 260 299 239 462 239 527 234 386 213 436 213 438 265 369 272
314 317 262 266 299 240 376 273 277 251 203 196 189 170 166 247 170 210 244 192 292 203
223 272 250 212 295 212 312 264 273 209 280 152 283 130 203 189 243 165 312 162 330 167
279 296 260 242 298 230 361 271 276 233 232 176 219 151 178 223 200 189 270 173 304 170
386 304 284 299 289 268 382 268 281 280 134 268 76 254 189 313 142 292 157 246 227 242
275 283 273 221 320 219 361 265 295 216 275 164 275 137 211 204 243 174 307 167 337 169
285 288 271 227 314 221 369 265 291 221 256 167 254 138 202 210 225 178 294 167 326 167
203 271 269 236 297 253 259 299 287 239 357 183 378 158 280 190 326 179 382 204 378 214
237 195 284 212 264 245 184 225 277 229 424 265 462 267 334 219 424 225 414 292 321 245
381 325 295 289 313 253 408 280 295 266 187 225 165 198 183 275 160 248 223 216 286 230
278 284 270 227 312 221 361 266 291 221 260 164 257 138 202 208 228 177 293 167 327 169
210 217 280 217 280 254 183 249 284 231 436 236 505 236 353 208 413 208 418 263 349 268
244 259 326 232 349 255 283 298 341 236 442 178 473 151 357 185 407 170 461 193 457 224
191 206 250 220 237 250 178 234 247 236 387 258 457 265 324 211 384 223 362 286 277 246
219 274 283 234 313 248 286 298 300 234 367 170 394 154 297 194 333 180 387 197 387 201
287 285 269 230 308 221 366 264 287 224 250 166 241 139 195 212 217 182 287 166 321 166
383 310 279 296 288 263 383 268 274 277 132 263 79 239 174 310 132 291 155 239 217 234
297 299 270 248 308 235 376 276 287 238 239 190 222 160 195 231 212 201 274 187 308 180
205 274 271 235 299 256 267 302 288 239 361 180 386 159 288 204 327 180 386 208 375 211
216 225 312 212 316 242 216 264 320 225 473 194 530 181 386 181 447 172 469 229 425 251
245 204 298 221 269 251 195 237 294 241 419 267 484 274 352 216 421 230 389 295 304 245
195 205 256 212 245 246 162 239 256 228 403 237 467 237 339 207 392 204 379 265 295 256
186 274 228 225 272 230 269 284 251 225 279 166 292 135 199 194 243 168 305 179 318 173
199 268 275 236 300 257 253 304 289 243 375 182 393 153 300 193 343 175 396 204 389 218
366 308 284 279 294 250 381 269 284 265 163 236 119 216 192 279 153 265 192 216 260 226
223 218 313 213 318 247 218 261 323 227 485 208 552 194 394 189 461 185 476 242 423 266
281 292 262 235 303 223 366 266 281 229 240 172 227 144 187 219 208 185 278 172 309 169
216 233 313 215 317 252 220 275 322 233 469 197 525 183 382 183 442 174 474 224 428 261
207 269 264 229 298 239 277 286 284 229 335 168 362 128 267 192 304 168 362 185 365 188
391 308 282 297 289 269 385 269 277 281 140 269 84 254 192 315 143 292 164 246 228 241
193 268 232 224 274 229 281 278 254 227 284 163 296 136 203 190 247 165 313 178 320 170
292 293 257 244 295 230 365 265 271 234 222 189 205 161 177 230 195 203 261 182 292 171
187 209 253 214 248 248 158 243 257 227 399 246 461 243 335 209 389 207 377 273 298 249
204 272 283 238 306 257 253 310 298 242 389 177 416 151 321 192 359 174 412 192 408 223
211 272 270 236 300 242 280 292 287 236 340 179 374 163 280 192 310 176 364 196 374 189
190 244 277 218 294 248 207 287 290 231 424 179 467 153 346 170 394 166 437 205 411 235
189 270 242 225 278 234 263 279 260 228 302 169 329 142 230 195 272 171 329 186 337 177
381 327 290 291 308 255 403 282 295 273 177 228 155 201 186 287 150 255 218 223 281 232
372 321 286 287 295 258 396 278 290 278 170 239 141 205 179 287 155 268 208 225 266 234
184 206 242 219 225 249 140 240 244 228 390 255 456 253 302 208 382 217 368 281 281 245
204 224 299 210 299 242 199 265 308 224 471 201 530 188 376 183 444 179 462 233 408 260
376 299 274 296 282 264 378 264 271 278 130 266 74 250 186 311 136 290 153 248 209 241
379 306 270 299 278 267 379 267 268 281 137 265 81 254 183 313 139 292 161 242 215 238
270 286 272 222 316 219 358 268 294 219 277 163 277 138 208 204 248 173 312 165 339 170
353 325 271 280 304 256 395 280 284 264 185 219 156 194 169 268 165 243 222 211 284 227
355 334 272 279 308 256 398 287 284 263 194 216 171 193 171 267 167 236 229 209 288 224
217 227 309 214 318 244 221 266 318 227 472 192 530 178 384 183 446 174 472 222 428 253
259 280 272 217 318 217 350 268 295 217 285 159 285 134 216 199 252 169 318 167 343 169
201 269 259 224 294 233 272 285 278 227 320 169 352 134 269 185 294 169 349 189 355 182
324 323 265 270 302 244 384 278 280 255 205 203 190 177 172 252 172 218 242 200 291 214
242 274 258 213 304 216 331 261 283 213 280 155 280 131 208 194 244 167 312 165 333 167
212 267 248 214 291 219 296 271 270 216 289 158 303 134 212 192 255 166 320 173 334 168
238 264 315 237 342 256 284 302 330 241 437 180 457 149 376 191 407 176 453 195 445 229
202 272 275 239 304 261 253 304 293 243 384 177 402 152 304 188 351 177 398 196 406 225
339 332 275 275 309 253 396 283 287 260 208 208 193 181 178 257 174 227 245 204 294 219
233 271 255 215 301 215 320 264 279 213 282 155 284 128 207 191 248 165 313 162 335 165
194 273 238 227 279 235 274 286 258 232 289 168 310 139 215 196 253 173 315 181 331 181
209 197 267 214 235 245 152 226 263 231 394 263 460 273 322 210 395 225 366 289 280 242
395 307 288 298 295 270 387 270 284 284 143 269 85 256 193 316 147 293 168 248 216 249
212 253 301 223 323 253 241 296 318 232 438 181 472 151 353 181 400 168 451 206 434 236
295 299 258 247 299 233 376 266 273 236 214 192 191 162 169 233 180 210 247 185 288 173
313 309 262 261 299 235 379 272 276 246 207 195 192 165 170 243 177 206 243 188 295 195
196 267 250 225 285 235 266 283 269 229 314 165 339 130 238 194 282 168 339 187 346 178
236 198 286 218 263 247 183 227 276 231 423 267 461 269 333 221 419 227 413 291 313 247
209 214 286 214 286 246 191 250 295 228 454 219 513 209 364 200 427 196 436 241 368 255
382 308 269 296 277 269 380 270 267 280 135 267 81 253 184 313 141 294 158 247 213 246
199 250 288 220 305 250 220 288 301 233 424 177 463 152 339 177 390 165 441 199 416 233
389 310 284 299 290 268 384 268 279 281 139 271 84 255 190 314 144 295 163 244 222 242
191 271 242 225 282 234 268 285 262 228 299 168 325 143 222 194 268 171 328 185 339 180
200 208 267 213 262 249 173 249 267 231 423 235 486 235 356 208 401 208 401 262 329 266
