996 566 872 512 817 531 849 582 843 515 792 407 773 362 872 480 849 420 750 429 757 506
1009 546 1105 512 1082 490 964 507 1094 495 1246 416 1291 388 1229 529 1246 445 1195 399 1173 479
829 389 831 399 913 395 977 395 889 395 862 428 878 497 792 520 803 446 926 438 975 514
777 582 913 576 925 576 808 563 925 576 1135 539 1191 508 1024 489 1104 526 1141 557 1185 600
854 559 985 559 992 546 861 559 985 546 1208 572 1261 540 1235 625 1235 605 1182 546 1149 546
1199 559 1077 538 1062 559 1163 617 1062 545 839 523 782 495 926 509 875 509 825 566 803 574
833 359 869 366 919 395 987 356 872 384 826 438 822 506 708 481 776 431 897 434 958 495
1110 542 1011 542 1036 567 1159 598 1011 555 833 512 734 512 870 567 833 493 882 524 901 622
846 568 984 557 986 550 851 562 986 554 1200 555 1262 534 1236 616 1207 588 1177 537 1121 541
753 410 812 429 866 410 812 390 839 421 925 464 980 449 917 539 882 472 980 449 1038 504
820 609 926 563 919 549 800 543 926 549 1138 563 1204 556 1092 622 1118 549 1118 563 1085 622
914 362 895 381 964 399 1033 376 932 385 822 445 766 464 693 473 771 418 872 450 932 510
844 531 971 562 958 543 838 537 971 556 1166 569 1242 575 1021 594 1122 606 1141 550 1046 556
993 573 1024 504 993 499 883 531 1009 494 1129 415 1177 373 1140 525 1140 441 1093 405 1108 504
814 400 878 426 934 400 870 383 904 417 998 456 1063 477 994 528 956 473 1029 426 1029 494
835 604 939 558 933 545 816 545 939 552 1147 558 1219 552 1102 623 1128 552 1134 558 1095 617
891 421 980 431 1029 411 965 397 1010 421 1128 387 1173 332 1069 491 1074 406 1178 392 1213 426
796 359 869 389 909 359 825 345 889 374 1017 404 1086 414 1022 473 978 414 1061 384 1071 409
922 466 853 389 804 384 771 445 827 381 861 299 876 245 915 396 904 319 812 299 804 355
1072 588 992 529 939 551 1003 609 960 529 860 418 844 370 934 487 913 423 833 445 822 529
1156 603 1035 571 1015 609 1156 648 1022 590 804 558 747 533 926 558 843 526 804 597 881 629
740 507 852 521 874 492 777 477 867 507 1039 529 1106 521 994 589 994 536 1046 499 1099 529
1081 380 1042 400 1072 419 1150 410 1047 410 899 355 845 296 880 434 870 375 958 375 993 459
1327 622 1209 566 1178 591 1290 653 1191 572 998 529 955 498 1110 535 1042 504 986 560 1029 591
1008 561 881 510 833 534 874 589 854 517 789 407 765 366 864 469 847 421 748 431 758 517
1119 597 998 557 985 584 1119 624 985 570 771 537 717 510 884 530 811 517 777 577 831 604
1306 603 1187 559 1156 578 1275 628 1162 559 981 509 937 484 1087 515 1024 490 968 547 1006 584
1227 566 1126 552 1112 588 1220 623 1119 566 868 559 803 544 975 523 904 537 860 602 925 588
1119 483 1018 489 1037 508 1157 546 1024 495 834 438 751 419 866 489 840 419 872 457 897 559
1011 613 1143 606 1150 584 1019 577 1150 599 1361 599 1434 577 1318 664 1339 584 1339 591 1303 664
855 628 985 620 985 589 878 597 985 605 1199 589 1268 566 1199 643 1176 589 1161 566 1138 605
1128 522 1031 534 1049 553 1177 583 1031 541 855 498 757 498 891 553 855 480 903 510 922 607
805 393 850 414 899 386 868 376 875 400 959 446 994 425 938 526 903 463 1015 446 1067 495
858 518 740 464 674 470 695 527 704 458 677 359 662 304 755 443 734 374 626 374 635 446
1094 487 1073 428 1036 420 952 466 1056 420 1140 328 1178 286 1165 437 1165 361 1090 324 1069 382
1214 546 1114 546 1129 553 1249 588 1114 546 923 475 845 425 951 546 930 461 959 489 980 595
1042 351 964 362 1016 382 1099 362 985 372 844 413 787 445 725 429 808 393 902 413 948 491
931 602 1067 588 1067 566 931 581 1067 574 1295 574 1345 552 1316 623 1266 566 1252 559 1316 581
1012 486 905 424 840 430 857 492 871 421 865 320 862 269 930 418 919 339 814 331 820 399
1142 580 1043 536 1006 555 1104 617 1018 543 888 431 857 388 968 499 944 438 863 475 839 561
704 347 726 399 797 377 874 394 756 388 800 440 827 490 753 534 734 465 860 432 921 503
1188 552 1070 538 1063 565 1161 621 1063 545 834 524 772 496 834 517 869 510 841 559 793 579
1050 532 947 459 885 462 888 510 916 454 919 350 916 311 977 457 966 378 865 367 865 434
1200 565 1085 537 1056 565 1121 630 1063 544 848 515 805 472 948 515 891 494 841 544 898 573
804 557 938 557 950 563 804 557 956 557 1162 521 1204 484 1059 502 1132 508 1180 545 1204 587
891 561 1028 546 1036 531 891 546 1028 538 1248 546 1301 515 1286 599 1218 546 1218 523 1157 523
890 460 975 469 1018 448 967 443 1001 465 1128 452 1192 439 1060 533 1077 456 1158 443 1141 507
881 566 1008 558 1016 528 873 551 1008 543 1234 543 1294 521 1279 603 1211 543 1204 521 1151 513
755 554 877 566 899 543 788 538 888 554 1088 566 1144 549 1110 577 1044 582 1094 543 1155 566
1238 514 1124 508 1131 521 1245 568 1117 508 916 440 856 400 963 481 949 420 949 474 983 561
852 526 969 540 991 526 881 518 984 533 1160 570 1219 570 1101 628 1109 577 1167 548 1219 577
986 571 859 517 808 539 846 593 831 520 780 409 757 365 856 489 840 428 735 435 745 520
1014 570 1129 545 1116 519 1020 532 1142 532 1309 461 1354 423 1264 551 1277 455 1258 448 1258 557
722 399 743 420 808 396 790 375 778 408 841 458 862 485 793 550 778 482 882 420 954 520
1101 506 1003 500 1022 518 1132 555 1003 506 826 445 747 408 851 500 832 426 863 457 881 561
1109 612 979 571 966 605 1082 632 966 585 775 557 720 530 877 544 816 530 768 598 822 619
739 425 781 449 843 428 802 404 809 438 895 480 933 466 871 563 840 497 954 480 1009 532
766 502 887 534 880 509 760 515 893 528 1083 540 1152 534 944 566 1045 572 1070 509 969 515
832 610 936 565 936 545 812 545 936 552 1150 558 1215 558 1104 623 1124 552 1130 558 1091 617
1116 518 992 497 985 538 1082 586 985 511 765 497 696 469 875 462 806 476 765 538 737 559
1095 572 1081 508 1049 499 958 545 1072 495 1168 408 1209 367 1190 517 1190 440 1118 404 1090 463
1065 420 1009 425 1065 456 1138 451 1029 441 895 420 833 379 869 482 869 415 952 430 967 523
942 470 852 388 797 386 781 444 826 383 834 299 834 249 894 402 884 317 781 307 783 370
905 581 1025 560 1025 539 898 546 1039 546 1223 475 1280 432 1181 574 1195 461 1188 461 1174 574
1316 558 1211 551 1204 581 1316 626 1204 558 979 528 912 498 1077 476 1017 491 987 566 957 618
1063 609 971 556 931 582 997 635 940 560 847 454 816 406 913 507 895 454 816 476 816 565
846 526 944 540 986 519 902 512 965 533 1139 568 1202 568 1084 631 1091 575 1153 547 1216 575
1145 582 1025 537 1006 569 1145 607 1013 550 797 512 753 487 918 512 842 493 804 556 861 582
766 496 675 416 621 413 598 478 650 411 673 313 675 274 732 426 724 344 619 326 619 388
981 403 952 412 996 446 1082 427 962 427 833 403 770 345 804 475 804 417 876 422 909 518
1314 550 1203 530 1196 571 1307 613 1196 544 974 509 898 488 1106 481 1009 474 995 530 960 592
783 590 921 582 921 574 783 597 921 582 1114 513 1190 467 1098 605 1083 528 1098 513 1075 582
1240 593 1114 554 1088 587 1147 653 1101 567 883 521 830 501 995 527 929 494 883 567 936 593
1102 492 1084 428 1047 419 957 465 1070 415 1165 329 1201 288 1183 437 1183 356 1115 324 1097 388
897 565 1025 565 1025 551 897 558 1032 558 1234 517 1302 464 1180 612 1194 524 1255 524 1187 585
1108 508 1080 441 1041 437 961 484 1060 433 1136 338 1168 294 1168 449 1160 373 1088 338 1072 393
872 384 875 399 928 412 952 393 903 412 866 446 850 430 735 517 810 452 934 455 974 533
954 442 1062 453 1084 448 1041 437 1079 448 1247 442 1312 415 1149 502 1198 442 1269 469 1312 507
852 584 977 584 990 571 878 571 990 571 1200 584 1265 558 1088 571 1160 590 1219 590 1246 617
1000 601 856 556 811 581 872 638 827 560 749 453 720 412 835 523 807 466 708 482 724 568
1128 427 1027 432 1093 442 1208 468 1058 437 927 432 846 402 892 483 897 442 977 432 992 528
843 405 919 435 959 400 853 400 939 420 1070 415 1125 385 1085 516 1039 450 1065 390 1090 435
1005 519 934 469 889 479 965 545 904 464 813 353 783 307 884 434 859 363 783 373 733 439
945 620 950 560 920 545 815 580 940 540 1059 465 1104 431 1069 570 1069 490 1014 451 994 520
932 633 1066 612 1073 591 932 612 1066 605 1299 598 1349 556 1349 654 1278 612 1264 577 1342 605
837 487 749 407 692 402 671 466 723 402 738 311 736 267 795 422 790 340 684 322 681 384
938 393 914 402 957 435 1037 411 929 416 824 421 763 374 777 454 791 411 862 440 853 544
754 403 799 418 854 403 821 379 824 406 894 461 937 473 857 547 830 476 928 434 1004 516
1182 513 1066 507 1085 525 1206 562 1066 513 884 446 799 422 909 519 896 428 927 471 945 568
1077 570 938 552 932 588 1089 619 932 564 721 546 667 510 830 534 751 522 715 582 788 613
961 760 1079 746 1079 712 961 732 1079 732 1307 725 1370 698 1314 816 1300 732 1280 705 1210 712
831 540 960 547 967 534 838 547 960 534 1186 560 1238 528 1212 618 1160 547 1160 534 1121 534
967 578 1055 536 1037 519 920 548 1049 525 1190 442 1237 407 1190 548 1184 454 1149 437 1154 536
1221 571 1107 557 1100 586 1214 628 1100 571 867 564 796 557 973 529 888 536 860 607 902 600
1023 367 935 367 981 395 1064 376 949 381 819 390 792 367 718 408 773 371 884 418 884 496
969 489 858 427 790 427 813 489 821 421 818 322 813 271 881 416 872 342 767 333 770 407
909 604 1047 598 1053 598 909 604 1047 591 1251 598 1316 571 1205 663 1224 585 1237 591 1198 663
1122 496 1102 430 1060 425 982 463 1081 421 1164 334 1205 289 1189 442 1189 363 1118 330 1098 384
936 530 1060 517 1054 484 936 484 1067 497 1257 425 1329 398 1224 523 1238 431 1218 412 1198 510
1151 535 1039 498 1021 523 1114 579 1021 510 866 411 816 368 915 486 909 399 866 448 847 517
1214 574 1086 541 1066 568 1208 622 1079 554 857 514 803 493 978 520 904 487 850 547 924 588
835 615 939 563 933 550 816 550 939 556 1153 563 1218 563 1108 628 1127 556 1134 563 1101 628
1018 326 943 352 1013 374 1066 352 974 361 886 413 830 444 755 444 830 400 939 426 996 483
900 447 1019 467 1039 453 913 440 1025 453 1204 493 1257 473 1131 559 1158 500 1231 486 1283 500
1082 495 1057 433 1024 425 937 470 1045 425 1136 334 1173 292 1157 446 1157 367 1086 330 1049 388
1125 528 994 503 969 516 1069 566 969 503 800 434 756 391 863 491 838 422 813 441 844 509
755 358 785 363 844 347 822 330 822 358 875 406 906 422 841 501 816 431 923 397 990 476
1121 566 1026 521 998 527 1065 594 1003 516 892 404 858 365 925 516 936 399 892 421 947 404
810 536 934 565 926 543 810 521 941 558 1122 572 1173 565 1187 579 1086 601 1093 558 1173 565
875 489 965 517 1007 482 916 469 986 503 1166 531 1208 517 1097 608 1118 538 1194 524 1236 545
735 573 849 581 879 565 735 558 864 573 1045 588 1098 581 1007 656 1000 588 1053 565 1106 581
1005 584 1129 558 1116 525 1012 538 1142 538 1305 460 1363 428 1279 564 1298 493 1266 441 1253 558
905 483 1010 504 1038 483 961 469 1024 497 1199 539 1255 532 1129 602 1150 539 1234 532 1283 553
870 568 1005 582 1005 548 883 554 1005 568 1209 595 1284 588 1080 609 1168 622 1202 561 1121 554
796 542 930 534 930 534 789 549 937 534 1137 482 1204 438 1100 579 1100 490 1123 482 1093 557
997 563 934 523 894 545 956 607 908 527 824 424 798 376 905 486 883 435 791 450 798 534
743 646 862 639 869 639 729 646 876 639 1071 590 1148 555 1022 681 1036 597 1071 590 1071 653
1239 580 1120 552 1106 580 1204 643 1106 559 888 517 832 475 972 531 930 496 909 545 937 601
813 572 944 552 950 552 813 572 950 545 1153 552 1225 539 1108 617 1134 545 1147 558 1108 624
1221 591 1109 570 1095 605 1200 654 1095 591 844 584 795 556 935 570 893 556 837 626 900 612
909 628 1033 621 1040 606 923 591 1040 613 1252 606 1325 584 1216 664 1223 591 1230 621 1201 672
1245 604 1126 564 1100 578 1205 624 1113 564 909 525 863 499 1027 525 955 512 915 571 961 597
863 573 990 598 984 579 869 573 997 592 1187 617 1264 617 1054 637 1143 649 1181 586 1086 586
1030 536 927 465 868 468 871 506 898 459 901 351 901 313 965 459 956 383 848 368 848 436
1330 592 1190 550 1176 578 1274 642 1169 564 965 501 916 459 1133 501 1014 487 986 515 1035 564
1171 578 1064 521 1033 540 1120 603 1045 534 882 446 838 402 932 515 913 446 876 465 844 527
1253 578 1122 539 1103 578 1253 630 1109 558 887 513 835 493 1011 519 933 486 887 552 959 585
873 332 884 342 951 356 989 339 926 349 866 399 852 381 739 462 803 409 936 399 986 459
1170 602 1045 575 1031 615 1170 654 1031 595 813 562 760 535 932 555 853 535 820 602 892 628
994 363 958 368 1009 394 1101 373 978 383 835 419 789 439 723 445 794 399 891 419 937 501
1318 640 1199 595 1173 614 1291 667 1180 601 983 555 937 529 1101 562 1029 529 976 595 1022 621
998 551 1105 517 1083 483 958 517 1099 494 1246 409 1291 381 1235 528 1246 432 1201 398 1178 477
1218 572 1107 543 1092 572 1188 617 1099 558 855 535 796 498 929 528 892 513 840 572 833 580
832 614 949 608 956 594 811 608 963 601 1163 559 1225 525 1136 656 1115 573 1177 538 1219 601
754 565 868 579 896 550 811 536 889 572 1074 593 1138 586 1038 657 1031 600 1081 572 1138 600
944 394 934 404 988 429 1058 404 959 414 840 469 765 513 711 498 800 449 884 469 944 538
1314 576 1177 540 1169 540 1321 569 1169 540 974 475 931 417 1068 497 1018 453 996 489 1039 540
1003 592 1076 541 1059 530 946 564 1076 530 1206 451 1256 423 1217 558 1217 485 1166 445 1189 541
694 378 782 397 822 368 748 363 802 383 925 422 989 437 930 486 886 427 945 388 975 422
967 564 903 536 868 560 931 608 879 540 796 436 756 393 868 496 852 448 760 464 772 552
1073 592 979 551 938 583 1006 637 952 556 857 452 817 408 934 506 911 452 826 479 830 565
1158 581 1031 537 1012 568 1151 606 1019 549 810 518 766 486 924 518 848 499 810 562 873 587
838 501 925 530 961 494 881 494 946 515 1112 537 1162 523 1054 609 1069 544 1148 530 1205 544
1078 609 960 565 948 602 1066 639 948 578 750 547 700 522 855 540 793 528 743 590 793 609
851 577 970 563 977 570 844 584 984 563 1181 521 1258 486 1139 605 1146 521 1181 521 1167 591
755 412 840 435 883 407 817 397 859 426 982 459 1053 482 982 525 939 468 1001 421 1029 454
746 646 874 638 874 631 746 638 881 631 1080 596 1151 560 1030 681 1037 603 1073 589 1080 660
894 567 1027 553 1027 526 887 546 1020 540 1249 540 1305 519 1284 602 1221 540 1214 526 1159 519
1242 462 1157 467 1185 484 1310 524 1163 473 987 428 896 428 992 462 987 399 1026 450 1049 541
915 373 890 387 953 411 1021 387 910 402 818 445 731 474 682 479 769 431 866 460 919 523
1003 758 1127 765 1135 729 1011 721 1127 750 1360 758 1426 743 1353 816 1346 765 1331 729 1273 729
1177 459 1101 459 1124 482 1240 517 1101 470 927 436 834 436 933 470 921 406 967 447 991 540
780 606 884 562 884 547 773 547 891 554 1098 547 1164 539 1053 621 1075 547 1075 547 1053 606
725 428 772 449 825 421 786 406 797 435 879 481 922 485 854 563 822 503 929 467 997 528
862 498 807 423 756 419 716 477 784 416 814 328 835 273 875 426 858 351 770 331 770 382
842 322 812 337 879 356 932 322 842 348 782 408 729 438 639 450 722 393 842 412 894 468
1234 565 1117 544 1096 573 1205 624 1103 558 870 529 812 500 965 515 914 515 848 573 841 595
806 338 806 352 881 333 886 314 835 343 871 393 912 458 816 482 809 412 926 388 984 467
1030 501 995 431 956 423 882 477 975 423 1037 330 1065 287 1080 442 1069 361 991 334 971 388
1020 742 1160 742 1167 707 1062 714 1160 728 1389 735 1445 714 1382 811 1375 763 1354 700 1285 700
755 411 804 434 857 408 816 396 827 423 914 464 985 468 914 543 880 475 963 441 1038 509
1219 645 1094 592 1074 632 1199 671 1081 612 878 573 832 547 996 573 924 540 878 612 917 632
975 604 1090 573 1066 543 963 573 1090 549 1254 477 1308 446 1235 586 1248 507 1205 459 1181 531
962 593 1052 553 1041 542 929 570 1047 542 1176 457 1233 429 1182 564 1182 486 1143 452 1154 547
973 602 993 536 962 526 850 561 983 526 1110 444 1156 409 1110 551 1110 470 1064 434 1044 490
908 467 999 475 1035 451 987 451 1019 467 1138 447 1186 404 1083 539 1083 459 1182 463 1166 519
845 471 783 400 733 393 687 449 758 387 801 294 820 248 854 400 842 325 749 303 739 359
992 592 1025 517 992 512 885 549 1014 512 1137 426 1180 388 1143 533 1148 458 1100 420 1116 517
757 575 864 589 899 554 807 546 885 575 1076 596 1140 575 1048 660 1034 603 1083 575 1140 603
829 607 947 613 954 607 823 607 960 600 1157 554 1229 508 1111 659 1124 574 1157 554 1157 620
926 466 860 393 811 390 777 448 837 385 873 301 892 246 928 395 915 322 824 306 816 364
882 633 1008 625 1023 618 882 625 1023 618 1225 566 1299 521 1172 678 1187 573 1225 581 1217 640
881 572 1011 598 1005 578 888 572 1018 591 1206 624 1278 624 1076 630 1161 656 1200 585 1102 578
844 586 968 586 975 566 837 572 982 572 1175 517 1237 469 1147 628 1154 538 1154 517 1161 593
673 372 687 393 749 372 835 388 716 383 773 445 806 474 733 528 711 464 825 423 838 391
885 521 763 463 705 474 728 529 731 463 702 352 688 311 772 442 760 375 656 372 662 454
785 412 847 435 906 412 847 392 879 427 961 470 1011 455 953 541 918 482 1015 455 1074 505
1184 573 1067 538 1039 566 1094 615 1053 552 831 518 776 490 942 524 879 504 831 566 886 594
817 576 952 570 958 556 824 570 958 556 1159 543 1213 496 1153 610 1139 550 1146 536 1166 576
1199 572 1088 558 1074 593 1178 628 1081 572 829 579 766 565 941 530 857 544 815 621 892 607
878 382 981 387 1019 376 954 366 1009 382 1150 371 1215 333 1063 452 1096 376 1188 398 1231 442
790 566 918 553 924 539 790 560 918 539 1138 546 1199 519 1172 600 1118 546 1112 519 1065 533
1173 583 1043 549 1022 583 1173 631 1029 570 803 535 742 515 926 535 844 515 810 577 878 604
790 568 907 582 935 555 817 548 921 561 1094 603 1163 603 1053 658 1059 617 1101 575 1156 603
804 563 953 557 959 557 811 563 959 550 1159 550 1230 537 1114 615 1133 550 1146 557 1114 621
1135 406 1054 406 1108 432 1199 438 1070 422 935 400 860 373 897 459 908 395 984 406 994 503
1092 469 1007 479 1034 506 1161 532 1007 490 837 447 763 405 843 506 837 421 880 479 917 564
1235 602 1099 561 1078 602 1229 650 1085 581 852 540 798 513 976 547 900 520 866 581 928 609
992 754 1120 754 1120 718 984 718 1127 740 1356 740 1427 740 1348 811 1348 747 1327 711 1270 718
786 576 921 570 933 564 804 564 939 564 1142 534 1203 497 1019 484 1111 521 1148 546 1184 576
1115 535 1004 498 980 523 1078 578 986 510 838 406 788 362 893 480 887 406 825 443 813 535
890 612 1015 604 1008 597 875 612 1015 597 1214 523 1295 486 1185 634 1192 538 1185 516 1155 604
834 574 962 568 968 561 834 574 968 561 1178 555 1235 511 1223 625 1159 568 1159 542 1184 555
778 637 899 630 907 622 778 637 915 622 1104 577 1173 539 1066 690 1066 592 1104 577 1127 637
896 472 971 482 1000 452 966 447 990 472 1159 447 1223 412 1055 536 1109 472 1154 432 1144 491
700 562 809 514 803 494 680 500 809 507 1020 514 1089 500 980 575 1000 500 1007 514 973 575
892 588 1019 581 1019 567 877 574 1026 567 1239 517 1310 467 1197 616 1204 524 1218 517 1175 581
1170 562 1034 528 1020 562 1163 610 1027 542 802 508 741 474 918 515 843 480 802 549 877 583
1018 721 1103 616 1097 597 985 649 1110 597 1313 577 1398 590 1260 675 1286 577 1286 551 1260 643
767 559 887 573 908 545 795 538 894 559 1090 566 1147 552 999 601 1055 580 1097 552 1147 587
1172 501 1073 451 1035 462 1112 528 1057 451 947 331 925 281 980 435 991 342 947 342 1013 358
816 408 816 429 888 435 909 408 849 432 825 477 843 555 707 549 774 486 894 471 948 552
848 362 848 374 900 362 1003 371 882 365 905 413 919 454 843 497 838 436 960 408 1013 481
1220 559 1097 537 1082 559 1177 617 1089 551 857 522 792 493 908 537 893 508 828 566 821 573
1023 750 1152 757 1159 710 1064 716 1159 737 1383 737 1445 703 1356 791 1383 791 1336 689 1247 662
729 575 830 528 830 508 708 508 837 514 1048 521 1109 514 1007 589 1021 508 1034 528 1000 589
800 409 882 433 930 404 853 390 906 423 1021 462 1088 481 1021 529 973 476 1040 419 1059 447
1164 535 1044 488 1032 518 1122 571 1026 500 865 410 823 368 871 488 895 410 877 422 841 482
1056 573 932 519 885 539 929 596 905 522 845 415 818 372 912 472 899 425 802 439 808 522
866 421 935 447 990 421 926 404 961 438 1067 485 1127 507 1055 550 1012 494 1089 447 1089 520
833 430 936 457 971 430 902 423 950 450 1122 478 1184 471 1060 547 1067 485 1156 457 1205 492
1331 546 1213 546 1213 568 1323 612 1206 553 1001 509 935 472 1001 568 1015 487 1023 538 964 612
1026 747 1157 754 1164 713 1047 719 1157 733 1371 719 1433 671 1378 802 1364 775 1337 685 1295 699
1199 501 1108 507 1131 535 1268 558 1108 524 937 478 851 461 942 530 931 450 977 501 1017 592
836 557 969 557 975 557 836 557 975 551 1184 544 1241 506 1197 621 1159 538 1184 544 1235 602
911 557 798 496 732 499 746 549 764 491 743 389 735 343 816 479 801 413 691 410 700 482
1009 735 1111 657 1117 657 1009 711 1123 651 1310 573 1400 555 1226 633 1280 567 1292 585 1274 657
1126 594 986 541 941 565 1003 622 958 545 876 438 835 393 950 496 929 442 839 463 843 549
1078 450 1008 455 1063 485 1144 475 1028 470 902 460 832 429 857 515 862 455 958 460 968 555
881 432 954 455 1009 428 945 414 986 446 1087 487 1155 515 1087 556 1041 505 1114 446 1128 473
958 705 1095 691 1095 671 958 685 1095 685 1306 664 1367 616 1333 739 1292 671 1285 651 1333 691
817 517 911 531 954 502 904 488 933 524 1100 546 1158 531 1049 611 1056 546 1129 531 1179 560
837 630 971 610 964 584 837 584 977 597 1171 517 1238 490 1131 630 1144 524 1124 510 1104 617
1320 542 1206 535 1206 556 1313 606 1198 542 963 513 906 492 1056 506 999 499 977 527 963 563
818 506 928 543 936 513 789 499 936 528 1119 565 1177 565 1045 535 1082 579 1119 535 1177 543
1081 530 967 524 960 557 1061 597 960 537 739 510 672 483 733 517 766 497 753 544 692 584
1009 753 1143 734 1137 676 1035 708 1150 702 1360 651 1431 625 1360 791 1354 689 1309 619 1277 689
811 492 955 535 969 528 811 478 969 528 726 457 640 450 1191 550 1134 543 1105 535 1169 535
869 543 1005 529 1020 522 876 543 1005 529 1228 529 1292 515 1264 586 1206 529 1199 507 1142 493
1197 545 1074 538 1074 558 1169 606 1067 545 836 524 768 504 924 511 877 511 849 531 809 572
840 592 970 586 977 586 853 586 983 579 1191 560 1256 534 1068 514 1159 553 1185 566 1068 521
1298 597 1148 562 1148 555 1305 583 1141 555 941 505 891 455 998 533 963 490 970 519 1013 562
1097 577 979 538 960 564 1071 610 966 544 770 512 725 479 888 505 810 486 770 557 816 577
761 572 886 586 879 559 754 566 886 572 1084 592 1156 586 952 618 1037 625 1070 559 978 559
1175 563 1045 542 1038 563 1141 631 1038 549 827 515 766 481 848 528 861 508 841 535 800 583
1193 533 1065 514 1065 546 1161 590 1065 526 840 494 776 462 937 475 879 475 853 526 802 558
846 580 989 564 995 553 856 569 995 558 1197 548 1266 532 1234 617 1181 553 1175 532 1191 553
920 524 1050 504 1043 483 920 476 1050 490 1240 422 1308 388 1213 517 1220 415 1213 415 1192 517
1036 476 997 406 962 398 891 453 981 394 1048 312 1083 277 1071 425 1071 347 997 312 977 367
863 436 942 451 967 426 942 421 962 441 1136 426 1196 391 1027 505 1087 451 1126 406 1116 470
1099 464 1028 474 1079 505 1175 494 1043 489 911 469 835 444 875 525 880 469 962 474 977 566
1154 571 1064 521 1019 532 1121 600 1042 515 935 403 918 358 1019 481 991 420 913 425 907 493
848 445 935 449 967 422 926 417 953 440 1114 413 1178 385 1017 500 1063 426 1114 403 1109 468
885 612 1007 612 1013 584 891 598 1013 598 1217 537 1291 496 1176 645 1183 557 1203 530 1210 612
1113 543 1015 509 992 515 1072 572 997 503 882 393 853 347 916 497 928 388 888 399 945 393
924 618 1031 588 1007 552 900 588 1031 564 1186 481 1245 451 1174 588 1186 523 1144 469 1144 570
1044 471 954 471 1024 501 1114 501 989 486 865 476 800 441 825 526 825 466 919 481 934 571
1056 734 1103 611 1086 582 992 658 1097 594 1302 582 1384 576 1255 693 1279 600 1273 570 1255 658
1109 520 995 506 989 533 1082 580 989 520 754 506 687 479 767 506 788 486 767 540 721 560
1267 576 1154 562 1147 596 1247 636 1141 576 900 569 834 562 1014 536 934 542 887 609 914 602
947 454 903 385 862 377 807 432 884 374 939 289 965 249 972 399 972 326 892 289 881 337
1175 595 1055 575 1028 601 1102 628 1042 588 822 555 782 521 935 555 869 535 815 595 882 628
769 573 899 567 912 573 788 560 912 567 1123 536 1178 498 1011 480 1092 523 1129 548 1172 591
1161 623 1042 577 1029 616 1147 656 1029 597 831 557 778 531 936 557 877 531 824 603 870 623
1163 564 1038 539 1019 545 1113 602 1025 539 869 445 831 395 900 520 906 445 875 464 844 533
738 522 872 552 865 537 738 507 872 537 1051 559 1104 552 1126 567 1059 567 1036 537 1104 544
897 537 1018 562 1031 537 903 530 1025 549 1222 588 1293 588 1095 600 1184 620 1216 556 1133 543
1048 610 907 557 865 580 919 645 881 565 801 455 778 413 884 519 862 470 763 485 778 569
1118 550 1113 491 1081 477 981 523 1100 477 1209 395 1246 358 1223 500 1218 422 1164 386 1145 450
1280 573 1166 559 1159 593 1260 633 1153 573 911 566 851 559 1025 532 951 539 904 606 925 593
819 552 956 579 950 552 819 552 963 572 1153 585 1225 585 1028 611 1120 618 1140 559 1048 552
1006 481 910 402 855 399 836 460 881 394 897 304 900 259 953 410 950 330 847 312 844 378
774 444 857 460 874 427 791 432 868 449 1018 421 1079 388 1018 538 990 466 1007 394 985 455
820 619 940 605 947 598 813 605 954 598 1151 549 1214 507 1116 633 1109 556 1158 549 1144 612
1014 727 1108 638 1115 625 1007 689 1115 625 1317 562 1406 550 1267 670 1292 569 1292 543 1260 632
1094 587 975 559 961 594 1101 615 961 566 759 545 696 517 856 538 794 524 745 580 808 601
935 599 1057 579 1043 552 921 545 1057 558 1240 490 1301 457 1206 592 1213 484 1206 477 1186 592
1019 756 1147 756 1147 713 1012 727 1140 734 1374 742 1438 727 1367 806 1367 749 1346 706 1282 713
891 576 1017 576 1023 555 891 569 1023 562 1233 506 1303 450 1191 611 1198 520 1219 506 1212 583
883 581 1035 570 1035 539 915 534 1035 555 1239 539 1307 539 1296 612 1228 555 1218 523 1291 581
981 591 861 536 813 549 844 608 834 536 779 426 755 382 855 502 837 447 731 450 738 529
738 648 860 641 867 641 731 648 874 641 1071 594 1132 533 1030 682 1030 601 1078 607 1071 662
916 572 1049 558 1049 544 916 551 1056 551 1252 509 1336 474 1217 600 1217 523 1252 516 1182 544
716 576 823 529 817 509 696 516 830 516 1031 522 1105 502 998 589 1011 516 1011 522 984 583
915 572 1058 558 1051 551 915 572 1051 558 1262 558 1324 531 1296 599 1249 551 1235 531 1194 524
1073 443 989 438 1036 464 1152 501 1005 454 852 427 779 396 826 485 831 422 905 438 921 532
810 447 897 467 917 437 836 437 912 452 1065 421 1131 391 1024 534 1029 452 1055 406 1039 477
1306 479 1206 479 1199 486 1313 543 1192 479 993 408 921 365 1014 479 1014 394 1007 443 986 522
1100 592 981 564 968 592 1107 627 968 571 766 551 710 509 877 537 808 530 759 585 822 613
772 493 857 522 892 486 807 472 878 508 1063 529 1112 508 999 600 1020 536 1084 515 1127 529
973 444 1089 467 1107 450 1066 426 1101 461 1264 485 1334 456 1200 543 1224 485 1282 473 1334 508
672 573 787 580 809 551 701 537 794 566 982 580 1046 573 953 645 938 594 989 558 1046 580
809 389 860 414 917 392 870 374 885 403 972 443 1022 421 946 526 921 457 1030 443 1077 497
790 647 887 602 894 595 782 632 894 595 1095 602 1162 580 1050 669 1058 595 1088 609 1065 662
733 513 860 543 860 528 741 528 867 535 1046 543 1098 535 1120 550 1001 580 1023 528 1091 535
1262 636 1144 590 1125 623 1236 668 1125 603 928 564 876 544 1040 564 968 538 922 609 974 629
981 432 1101 463 1120 438 1082 432 1114 451 1285 501 1336 489 1196 552 1241 501 1317 489 1355 514
858 562 995 551 1002 539 864 556 1004 547 1215 542 1281 530 1252 608 1194 544 1190 524 1147 540
747 583 849 535 849 515 720 515 856 522 1059 522 1134 508 1025 596 1039 522 1039 528 1012 589
980 507 863 450 803 465 830 519 830 450 794 349 774 301 863 423 851 364 747 367 756 444
1029 747 1144 747 1151 699 1049 706 1151 720 1380 713 1448 686 1374 787 1380 774 1333 666 1252 652
1155 532 1050 482 1022 493 1111 565 1033 482 922 371 900 327 956 482 961 377 928 382 978 393
795 563 923 590 937 569 795 569 930 583 1126 603 1207 603 1011 623 1092 637 1119 563 1059 556
987 322 915 344 978 376 1031 344 937 362 852 411 789 443 713 443 798 394 897 420 955 479
1233 602 1110 576 1090 608 1142 667 1096 589 882 543 836 517 992 550 921 524 882 589 934 615
893 607 1026 600 1040 565 907 579 1040 586 1236 544 1313 516 1201 628 1201 558 1236 523 1180 544
1228 558 1110 550 1095 580 1191 624 1095 565 853 550 794 528 941 528 897 528 831 594 860 587
1104 605 973 571 966 612 1111 633 966 585 746 557 691 523 856 550 787 536 739 592 815 619
867 506 786 428 736 425 708 487 761 420 786 342 794 292 844 437 839 361 738 339 736 403
1097 781 1118 659 1097 627 1034 707 1113 633 1320 606 1389 601 1283 728 1299 633 1283 585 1209 638
1043 537 941 466 882 466 876 517 910 458 916 359 916 316 981 466 967 384 865 373 868 438
1202 535 1096 529 1083 562 1229 608 1083 542 871 509 818 469 984 522 904 489 885 535 971 568
769 392 850 411 897 382 836 378 873 401 996 439 1063 463 996 505 949 448 1015 406 1044 434
813 571 948 558 954 551 820 571 954 551 1166 551 1230 539 1115 622 1140 551 1147 551 1108 616
801 513 915 520 936 506 830 506 929 513 1107 541 1170 541 1057 605 1057 541 1114 520 1170 548
861 589 981 596 1001 562 881 562 994 575 1194 609 1268 589 1074 609 1161 636 1201 575 1114 562
819 569 946 556 952 543 819 562 952 543 1181 550 1232 511 1200 594 1156 531 1137 524 1079 518
890 565 1020 551 1027 524 883 544 1020 537 1247 537 1309 524 1282 599 1220 537 1213 524 1151 517
945 624 955 559 925 549 819 589 950 549 1065 463 1115 433 1080 569 1075 488 1020 453 1010 518
816 438 900 446 930 421 892 416 917 438 1065 412 1129 395 985 501 1014 425 1082 404 1069 467
1155 568 1029 511 997 537 1105 587 1009 518 819 461 788 422 921 473 870 448 794 499 864 537
1191 575 1086 575 1100 589 1219 624 1086 575 890 505 813 463 925 589 904 491 918 533 946 631
1188 581 1070 554 1044 587 1194 639 1051 574 835 541 783 515 953 541 881 509 842 581 907 607
1001 510 881 448 822 464 853 522 850 448 813 344 795 301 884 424 872 362 767 362 770 439
733 624 840 570 847 564 726 557 847 564 1049 577 1116 570 1008 637 1022 564 1042 584 1008 637
909 445 1002 472 1035 445 962 439 1022 458 1200 498 1253 491 1127 564 1154 505 1226 498 1279 511
989 438 946 368 907 360 845 414 931 352 993 270 1028 235 1016 379 1020 305 942 270 927 325
1197 572 1096 565 1074 601 1183 637 1081 579 835 572 770 565 936 536 864 550 820 615 857 608
1018 748 1120 676 1120 652 1024 706 1126 658 1326 597 1404 579 1314 712 1307 621 1289 573 1271 694
776 410 840 435 895 406 840 393 865 427 954 461 1027 486 950 533 908 474 989 431 1023 469
916 334 851 364 920 386 976 364 890 368 796 450 761 471 680 476 744 428 869 446 933 497
782 619 913 611 913 588 782 604 913 604 1107 526 1176 472 1099 642 1091 557 1083 519 1068 604
1020 611 888 561 846 588 900 638 861 569 772 456 745 417 854 514 830 468 737 487 753 572
1087 594 956 538 911 563 960 623 928 545 865 439 837 386 932 503 918 446 819 460 830 545
968 604 973 543 945 529 837 571 964 529 1076 449 1119 416 1086 557 1086 472 1034 439 1011 500
1038 548 1038 486 1005 472 906 514 1028 472 1137 392 1179 354 1146 496 1151 420 1090 382 1061 439
872 569 1003 548 996 527 866 534 1016 534 1195 459 1256 431 1153 575 1174 473 1147 452 1133 562
720 556 835 564 865 549 743 541 850 556 1034 579 1096 579 996 649 988 595 1042 556 1088 579
1002 746 1141 753 1134 718 1002 718 1134 732 1370 746 1426 739 1356 809 1356 753 1335 711 1273 718
935 586 1043 543 1013 525 910 549 1037 531 1194 447 1243 417 1176 555 1188 483 1146 441 1146 543
1066 582 972 569 958 609 1092 636 958 582 744 562 690 522 858 555 784 535 737 595 818 622
1103 484 1013 431 960 447 1034 505 981 431 881 310 854 273 923 410 928 320 865 331 907 421
803 546 925 573 945 553 816 533 932 560 1136 567 1197 560 1177 567 1102 587 1116 539 1075 533
310 214 275 163 238 174 264 234 258 163 213 100 176 91 273 126 247 97 181 114 159 117
280 240 293 180 254 177 228 240 278 177 304 109 301 83 364 115 338 117 270 107 254 125
94 132 148 157 186 124 136 116 173 141 311 199 365 232 294 282 277 216 331 153 402 191
155 140 211 178 271 157 211 131 245 170 352 255 390 298 292 353 292 264 390 217 437 251
143 176 216 195 266 163 198 158 234 181 370 213 424 226 370 281 338 226 374 181 442 199
304 232 304 174 261 174 248 234 284 170 282 106 271 84 338 104 316 108 250 104 237 108
175 199 249 213 277 171 202 176 263 195 392 209 443 213 429 269 383 241 378 171 429 195
273 155 268 183 332 186 324 116 304 183 324 265 335 301 217 318 262 262 366 248 403 307
350 208 283 173 264 201 326 232 267 185 162 146 127 122 158 134 189 130 154 162 119 169
261 104 264 142 324 140 316 79 294 145 309 218 319 283 199 285 255 225 354 210 395 277
185 213 265 213 265 185 190 199 265 199 400 180 456 180 446 232 395 204 376 157 423 166
231 146 237 181 293 170 290 114 266 181 298 253 309 304 202 312 237 258 344 237 381 288
113 172 188 198 224 163 166 154 215 185 343 224 409 233 343 299 312 247 356 176 427 207
350 213 294 183 268 212 335 239 274 195 159 158 120 153 147 137 187 145 160 170 122 191
364 214 301 201 287 219 350 237 292 205 171 187 135 178 153 192 198 169 180 196 139 223
264 126 261 177 327 168 324 100 298 168 312 254 324 297 207 308 255 251 364 242 398 297
327 199 268 154 244 175 296 223 251 158 169 113 134 99 213 140 196 103 155 130 131 137
195 245 277 223 269 192 186 223 277 201 395 175 443 166 456 210 412 201 369 153 395 171
333 203 272 160 244 182 301 228 251 167 165 124 136 107 211 142 194 117 147 142 118 146
194 264 275 228 259 203 173 232 267 216 376 167 405 155 437 199 393 195 348 155 368 179
227 150 230 184 289 174 283 126 262 182 291 251 305 310 198 318 235 259 337 230 377 289
385 164 314 155 324 183 385 183 314 169 187 178 107 192 197 141 197 155 197 207 135 230
300 232 304 174 261 174 243 234 284 169 289 102 284 81 345 105 325 109 256 100 241 107
226 241 285 205 261 182 195 225 277 193 371 135 391 119 422 158 391 158 336 123 308 162
252 150 274 337 315 174 301 112 288 174 301 253 312 291 206 305 242 250 347 229 385 286
181 204 251 209 279 176 195 185 265 199 405 204 456 213 428 260 372 223 391 176 437 185
298 229 274 169 235 174 245 237 252 169 223 104 206 85 281 145 264 101 192 111 165 114
297 233 281 176 240 183 245 241 262 174 240 101 223 88 294 146 281 105 210 114 188 118
391 147 341 159 375 180 437 167 350 167 229 201 192 226 155 192 192 197 283 213 254 267
160 373 240 170 312 170 320 131 273 176 276 262 282 303 163 306 221 256 329 251 357 314
356 216 279 199 275 218 350 233 272 208 140 195 102 184 120 188 166 178 164 201 110 231
289 126 250 154 317 163 347 129 283 163 231 233 234 267 118 249 182 215 283 240 289 298
202 135 246 167 305 147 258 123 273 159 365 262 397 298 285 350 305 270 404 223 460 278
381 214 298 196 294 221 368 235 292 205 143 204 113 194 115 190 173 176 157 227 118 241
393 148 315 153 338 176 407 176 324 167 191 190 155 204 150 162 196 153 228 213 187 240
374 142 324 159 357 184 417 167 332 167 201 222 196 231 128 205 188 193 260 244 243 282
335 208 283 156 250 172 292 230 263 162 198 100 172 84 234 107 237 97 175 120 149 123
283 238 293 184 252 181 227 238 274 177 290 106 279 86 352 109 329 113 256 106 243 111
204 261 280 220 260 196 180 232 276 204 376 160 408 144 433 184 392 184 348 148 360 172
271 161 260 186 328 186 319 121 299 183 319 267 328 307 212 321 260 265 364 251 398 310
405 141 356 149 393 181 453 169 368 161 243 189 215 213 179 173 235 161 296 213 263 250
314 126 270 144 311 177 362 148 292 158 208 235 198 264 106 231 172 209 270 246 260 297
344 208 280 175 261 200 329 235 269 186 163 148 124 135 149 135 190 134 156 166 118 179
192 223 278 210 273 187 192 210 282 196 404 178 449 165 458 219 413 201 381 151 422 169
305 232 296 176 254 176 250 240 274 174 270 107 250 85 319 103 303 107 232 109 217 114
261 232 291 177 252 168 207 226 273 171 322 107 328 83 385 120 355 120 288 107 288 138
111 160 182 185 219 152 157 139 202 168 331 214 385 239 315 297 294 231 344 177 410 202
344 209 281 172 259 194 322 239 270 180 167 136 141 117 197 143 197 124 163 150 130 161
299 119 255 150 306 167 340 143 278 157 214 235 214 259 101 239 173 208 268 239 272 297
422 153 371 162 384 170 439 162 367 162 238 187 221 192 225 166 255 166 285 209 251 247
329 198 275 148 245 168 295 221 255 154 178 108 145 91 178 94 212 98 165 121 132 128
197 218 276 218 276 185 197 204 281 209 415 181 461 176 461 227 410 209 387 153 433 167
75 133 135 157 171 125 123 109 163 145 295 205 351 249 267 301 251 229 319 165 387 201
100 145 159 174 214 145 150 124 188 162 306 229 361 271 272 334 260 246 336 191 403 229
284 135 265 151 327 165 343 146 287 163 263 242 265 281 141 272 210 229 315 247 327 308
169 187 234 196 271 164 206 168 248 187 381 205 436 214 409 270 354 214 377 173 432 196
215 64 252 125 323 111 252 47 289 128 350 216 378 270 256 301 293 233 401 202 449 260
310 220 282 163 244 171 258 234 260 163 223 97 206 81 284 137 263 97 192 111 168 114
399 166 318 156 337 175 408 180 327 166 185 190 113 199 199 147 194 152 218 218 170 242
198 225 279 216 274 193 198 207 283 202 405 180 455 171 460 225 414 207 387 157 423 171
253 144 242 179 308 174 311 155 275 179 281 262 289 301 168 309 223 254 330 251 358 309
398 141 325 154 350 176 411 171 333 163 217 180 174 206 165 163 217 154 256 202 212 240
235 232 288 190 261 171 197 216 280 171 360 117 387 95 417 136 387 136 322 110 311 152
340 143 295 158 329 184 393 158 310 169 211 218 188 253 116 218 173 203 272 237 253 294
247 150 241 178 304 172 299 120 279 172 304 252 310 293 205 306 244 254 348 232 386 284
295 128 249 160 321 163 347 134 287 160 247 232 241 257 130 257 202 219 302 243 307 298
280 139 247 171 321 171 337 133 285 171 272 255 283 296 155 298 216 247 323 244 350 314
277 241 301 179 263 170 227 235 283 173 322 105 324 81 383 114 357 120 283 108 307 114
388 169 312 159 326 178 398 183 317 169 179 188 122 202 193 150 189 154 198 216 141 235
228 224 277 172 245 161 179 210 263 165 337 98 344 76 397 119 365 119 295 101 288 140
196 229 279 216 270 190 191 216 275 203 402 173 441 164 454 212 415 199 380 151 380 151
215 252 285 212 266 193 191 228 281 197 379 150 407 130 434 169 395 173 340 138 317 177
191 256 279 230 266 199 191 226 274 213 397 178 441 169 454 208 414 199 371 160 379 160
366 216 285 194 274 218 348 235 276 205 144 188 107 177 165 188 172 170 150 210 105 223
321 215 282 164 246 176 276 236 261 164 198 98 168 92 264 128 243 98 180 113 150 119
392 187 310 175 312 196 387 208 310 185 164 185 122 190 131 178 184 164 179 208 140 229
252 149 250 179 314 174 309 123 285 174 293 246 303 292 188 305 239 246 341 235 376 297
389 169 314 155 314 178 375 188 309 164 173 169 116 183 140 155 187 150 191 197 135 221
226 228 274 166 240 159 185 211 260 159 326 94 340 73 381 111 353 107 288 94 271 128
328 204 276 155 246 174 295 230 259 161 191 105 165 83 237 115 227 99 171 122 138 128
390 204 309 188 307 215 380 226 305 201 162 201 116 197 136 186 187 177 176 224 133 239
190 206 256 211 265 173 186 188 260 197 401 188 452 188 443 239 387 211 377 159 424 169
361 211 293 194 276 215 340 236 284 202 165 172 130 159 143 164 194 159 169 185 130 206
244 232 284 173 248 166 195 219 267 166 326 101 346 81 385 114 356 117 290 104 287 121
180 204 256 218 266 175 185 185 256 199 400 194 452 189 442 242 390 223 376 166 428 175
213 65 228 128 299 128 276 85 272 136 350 238 362 273 248 313 283 242 393 207 441 262
361 218 292 199 279 222 343 236 279 208 150 190 109 181 150 185 182 172 146 213 109 222
153 178 230 192 267 160 203 156 248 183 376 201 430 215 398 269 348 215 367 169 439 196
202 261 284 231 267 201 189 231 280 214 397 171 440 166 453 205 414 197 367 158 375 153
388 163 311 154 315 181 387 185 313 165 177 170 115 185 198 135 188 148 193 201 143 223
249 147 242 183 319 187 304 147 279 187 258 294 246 340 110 300 190 294 325 285 405 322
220 149 277 179 317 153 246 131 299 171 431 272 506 281 299 316 378 276 480 246 497 250
255 152 234 185 307 195 307 152 271 191 240 304 222 347 100 298 176 295 316 298 387 338
206 149 269 183 308 166 244 132 295 179 436 289 474 306 265 332 359 289 465 268 478 260
279 261 274 182 231 185 221 252 252 182 259 132 267 87 343 154 295 132 228 132 192 158
191 224 292 200 297 181 191 205 301 190 455 181 503 147 455 248 441 186 441 171 494 195
237 231 321 195 312 173 224 209 321 187 450 142 485 116 480 200 450 156 423 133 401 164
309 157 279 183 342 200 359 163 309 193 210 289 173 316 117 259 170 263 289 296 359 352
166 152 231 193 276 176 215 144 259 185 394 299 431 299 227 344 316 303 431 274 443 258
263 147 263 185 333 185 307 134 301 181 311 289 307 314 162 305 247 286 371 282 443 314
379 227 260 203 250 241 364 270 250 217 89 180 56 151 189 161 136 156 84 208 56 265
145 193 245 217 278 193 193 170 268 203 429 264 486 255 311 345 372 279 453 227 382 208
183 231 284 207 279 188 183 207 289 198 454 193 507 168 439 265 439 193 434 183 439 251
345 236 248 195 211 227 312 283 225 209 105 144 82 121 211 135 146 135 86 176 54 227
323 154 296 186 355 199 375 175 320 196 213 290 178 310 126 251 171 262 299 303 362 359
361 182 292 196 343 223 403 205 310 209 166 270 120 265 92 251 138 233 236 293 268 368
262 258 290 191 251 183 214 244 273 185 306 127 320 91 384 157 337 135 276 132 240 152
270 147 264 186 335 183 312 138 306 183 309 292 309 321 161 305 245 289 373 285 447 317
185 152 250 197 295 176 230 139 275 189 397 295 463 295 246 340 336 303 438 270 467 266
386 238 268 209 254 247 362 285 254 223 107 176 74 148 202 157 140 157 98 209 60 261
375 222 267 199 257 236 365 260 257 213 93 180 55 156 187 156 135 156 88 213 60 264
367 233 250 200 236 242 343 279 236 214 101 168 64 135 194 154 134 154 92 191 55 247
260 159 230 194 304 203 319 162 269 203 221 316 200 349 90 298 159 298 298 307 370 349
252 241 311 197 292 182 217 225 304 190 398 142 430 115 449 194 410 158 371 142 343 170
177 191 275 201 295 196 216 186 290 196 458 240 512 230 364 319 409 245 503 235 384 206
234 232 322 190 308 171 221 204 318 185 452 144 493 121 479 208 452 158 424 135 410 171
203 216 301 207 310 192 213 202 310 202 461 207 525 192 432 280 442 207 452 202 442 265
238 246 293 195 268 181 202 228 282 184 366 133 388 107 421 184 381 151 330 137 311 170
352 172 292 186 343 223 398 195 325 200 178 278 127 273 123 223 146 232 237 296 274 361
177 166 264 194 300 171 218 144 286 185 432 271 500 280 300 334 377 275 468 239 486 244
281 157 249 186 323 199 336 160 288 199 214 296 185 325 104 267 165 273 294 296 362 344
223 227 316 194 302 180 209 208 311 185 451 148 493 129 479 213 447 157 423 143 419 171
388 221 271 212 274 248 390 262 269 226 76 209 28 182 162 172 118 182 84 241 64 309
162 153 229 193 273 177 206 142 253 185 377 297 425 305 221 345 309 305 425 273 437 265
386 198 306 208 331 233 415 228 316 218 138 263 78 258 202 228 133 218 187 283 202 367
286 254 276 183 232 186 232 256 254 181 257 119 254 85 340 146 289 129 220 129 181 154
381 216 263 206 268 239 391 254 263 221 84 206 22 188 164 169 121 173 88 239 70 315
296 156 261 188 331 198 347 153 296 195 215 291 183 317 112 262 170 265 296 298 364 346
393 213 278 213 288 243 403 248 283 228 89 218 29 198 168 183 119 188 104 243 94 327
247 125 254 185 332 185 307 122 298 182 310 289 307 317 159 305 247 289 370 283 443 314
160 190 259 210 283 195 195 170 278 200 435 254 504 249 327 342 391 268 455 219 391 205
236 249 288 197 262 180 197 232 278 183 347 128 366 99 405 170 363 144 314 128 278 151
165 153 225 193 269 173 209 145 253 185 382 297 422 306 217 346 306 306 418 273 438 265
243 143 252 180 327 180 321 121 293 177 287 296 283 337 142 299 224 293 356 284 431 321
352 167 306 184 348 209 407 184 319 196 197 280 155 288 138 230 159 238 264 293 315 355
195 147 260 191 301 171 240 138 285 183 403 289 468 285 256 338 346 297 444 269 460 261
369 178 292 188 335 217 407 207 311 202 153 255 95 251 114 227 128 222 205 265 229 351
240 250 287 194 256 181 196 235 274 185 334 128 353 100 397 172 356 144 303 131 265 153
237 243 287 193 262 179 197 229 276 183 355 129 376 100 412 179 369 143 319 129 308 165
393 206 278 211 293 236 403 241 278 221 89 236 24 211 148 181 109 196 109 261 104 341
358 170 304 183 354 210 407 188 327 197 187 278 133 273 124 224 142 237 250 287 295 358
250 150 238 178 311 184 299 128 278 184 250 294 235 343 106 297 182 291 318 288 394 325
375 240 257 211 243 249 361 282 248 225 97 178 60 150 187 160 140 160 83 211 50 268
261 142 248 183 326 186 304 127 289 186 270 295 261 342 124 301 202 295 339 286 416 320
207 159 279 186 319 163 239 132 297 177 436 271 503 280 297 329 382 275 472 239 494 244
280 257 253 184 205 190 221 273 229 184 213 123 205 80 299 142 248 123 173 131 135 160
199 143 266 189 308 173 246 135 292 185 413 290 467 311 262 336 346 298 459 269 472 261
347 228 240 191 217 228 315 275 227 205 106 144 73 121 199 154 152 135 87 177 50 228
198 202 297 207 316 187 227 197 311 197 470 236 539 231 395 320 435 241 475 216 415 291
355 171 303 184 350 209 402 184 325 196 195 274 152 283 135 222 161 231 260 287 303 352
403 211 288 206 298 236 413 246 288 221 108 211 59 186 188 171 138 186 123 241 103 311
209 237 316 205 310 181 209 213 308 192 472 170 519 140 486 242 467 184 445 159 478 216
415 203 321 206 333 226 436 221 321 216 128 236 69 216 173 186 146 199 161 258 166 342
192 226 293 201 293 182 192 206 298 192 458 187 516 158 453 250 443 187 443 177 458 235
360 245 256 200 220 236 319 290 233 218 116 141 94 119 224 137 161 132 94 178 57 227
214 143 274 178 313 161 248 130 296 174 426 282 496 291 283 325 370 282 474 260 491 252
244 257 289 196 256 187 198 242 274 190 329 136 347 102 398 175 353 148 292 136 262 154
350 165 311 186 368 207 403 172 336 200 223 292 173 299 138 246 184 260 294 306 350 363
406 199 317 209 346 234 421 229 321 219 138 264 78 254 207 229 133 224 187 288 197 373
252 261 290 193 252 185 208 247 271 185 312 130 323 94 386 163 339 141 277 135 241 157
165 152 230 196 274 176 206 140 254 188 380 298 432 306 222 346 311 306 420 273 436 261
187 164 243 198 291 177 226 147 269 190 398 297 441 297 239 340 325 302 433 276 446 263
387 221 272 202 267 240 383 259 267 216 90 192 47 163 181 159 128 168 90 226 61 288
231 246 304 199 282 177 209 220 300 186 416 143 450 117 459 203 420 156 386 134 386 164
233 245 302 201 282 180 201 221 294 192 407 140 440 116 452 196 411 156 379 136 343 168
201 231 305 206 299 179 196 210 306 195 461 177 508 148 466 247 452 186 439 164 492 195
351 174 301 194 351 215 401 186 318 203 198 290 152 302 136 240 144 252 272 306 326 364
217 146 278 181 317 155 252 128 300 172 431 277 501 281 291 325 374 277 484 251 497 251
274 262 281 185 243 183 217 257 262 183 279 131 289 90 362 157 310 138 246 135 210 157
214 145 270 180 309 162 244 128 296 175 426 288 486 305 275 327 361 288 469 262 478 253
380 216 264 197 259 235 371 253 259 211 87 184 45 156 180 156 134 160 87 216 59 272
301 242 256 179 211 194 244 263 232 179 196 116 184 83 286 128 235 122 163 131 121 164
380 187 306 196 331 221 410 211 316 206 142 256 83 256 202 221 137 216 197 276 217 355
175 228 277 214 276 189 179 206 283 200 445 196 505 181 429 274 431 204 424 179 431 256
301 251 251 188 208 208 244 274 228 191 185 125 168 82 274 138 225 125 148 142 105 175
266 254 286 181 248 179 219 243 267 178 300 126 314 86 379 156 330 133 267 128 232 150
393 211 278 211 293 236 403 246 278 226 89 226 24 206 148 181 114 196 109 256 99 336
308 254 252 195 207 212 252 282 228 198 173 126 159 98 266 143 214 126 138 153 97 188
269 145 257 182 334 185 316 117 294 185 281 300 272 343 136 303 213 297 350 288 427 325
403 214 296 209 311 231 410 219 293 219 104 234 39 214 151 176 119 199 128 259 121 339
351 244 258 189 228 223 313 287 241 202 147 130 126 100 245 134 194 125 113 159 75 206
167 151 238 196 279 175 213 142 263 188 387 296 437 300 234 342 321 304 425 275 437 263
276 252 244 183 196 191 217 273 220 185 193 119 185 79 284 135 233 122 156 129 116 161
228 208 313 208 328 198 238 198 323 203 493 233 553 223 418 318 453 238 483 223 433 288
315 259 250 194 210 215 265 288 225 197 163 128 149 96 265 143 207 132 131 154 91 194
252 258 289 204 255 192 201 249 277 195 328 137 347 106 395 176 353 149 289 143 252 167
350 234 242 194 219 234 319 275 224 212 98 153 62 126 197 149 143 140 84 185 44 234
336 245 261 185 223 215 291 283 238 193 159 125 144 95 261 133 201 125 133 151 95 193
162 151 227 192 268 175 203 139 252 188 390 298 423 306 219 342 309 306 427 277 439 265
269 162 242 195 308 204 324 168 275 207 212 307 185 337 97 286 158 289 293 307 366 352
327 254 251 186 214 216 278 288 229 194 161 126 150 92 263 137 206 126 127 152 90 194
339 247 257 184 222 215 300 282 234 192 148 129 128 98 249 129 187 122 120 157 81 200
214 234 320 202 302 184 210 211 315 193 458 156 499 133 485 221 462 170 435 143 384 170
217 240 317 207 303 183 208 216 317 193 464 164 507 136 488 235 464 183 441 155 469 207
408 203 318 208 338 233 428 233 323 218 138 258 79 243 218 218 138 213 183 278 188 373
271 260 287 186 244 184 218 253 267 179 294 123 301 92 372 159 325 137 258 132 220 155
287 259 270 183 224 188 229 264 246 183 239 120 236 81 324 145 275 125 205 130 166 154
361 247 258 199 225 232 319 289 239 209 130 138 112 110 234 134 168 134 112 171 69 218
410 202 318 204 333 232 426 227 318 217 126 247 66 229 151 187 136 204 168 269 173 355
271 264 274 189 230 189 213 257 252 187 267 131 274 90 351 155 303 138 233 136 194 158
190 158 249 196 291 175 219 141 270 187 401 297 452 297 241 339 329 305 435 272 456 263
162 180 258 199 290 180 221 162 276 194 427 272 491 267 299 345 372 281 450 240 487 254
249 260 287 198 252 189 201 251 272 192 317 135 332 103 388 171 344 147 278 141 243 162
191 151 253 192 299 172 233 139 278 184 402 296 464 292 249 341 340 304 443 271 468 267
398 222 278 207 278 247 398 262 273 227 94 202 49 177 178 172 138 177 99 237 69 302
398 211 283 206 288 236 403 246 278 221 99 211 49 186 178 176 133 186 114 236 94 311
154 187 251 212 289 187 207 168 275 202 430 274 498 265 309 347 377 284 454 236 386 212
233 237 314 197 300 174 215 215 309 188 435 143 471 111 475 201 435 156 404 134 399 161
165 192 263 207 292 188 214 173 282 197 454 251 502 246 336 334 395 261 502 241 458 207
371 180 295 194 337 223 414 208 309 208 151 261 113 251 89 251 128 232 218 280 247 361
228 207 318 207 333 202 238 212 328 207 483 217 543 202 433 296 458 222 468 212 448 281
273 143 263 181 342 184 323 124 307 184 304 294 301 332 156 297 238 288 367 281 446 316
289 247 247 178 202 190 229 264 226 178 193 112 181 79 283 130 232 115 158 130 116 163
247 248 304 198 281 183 209 225 296 187 388 141 410 115 437 191 399 157 353 141 365 164
219 148 276 183 319 161 250 131 302 174 427 287 492 296 284 326 367 287 471 261 492 252
191 224 292 214 297 192 196 205 301 203 451 204 508 186 422 282 430 205 435 189 425 258
237 242 304 198 285 182 210 222 296 190 399 143 430 115 446 198 407 159 371 139 340 167
169 187 267 202 286 202 203 178 286 197 447 241 501 231 345 324 394 251 496 236 384 207
331 252 258 184 220 211 285 287 235 191 163 127 148 96 266 134 205 123 133 149 94 191
285 260 275 183 232 186 225 257 254 181 258 126 261 85 344 150 294 131 223 133 184 157
224 217 313 212 328 192 234 202 323 202 473 212 538 197 433 286 453 217 458 197 453 266
172 155 238 197 284 176 218 143 263 189 388 297 446 301 234 343 322 305 426 272 450 259
233 203 313 208 328 198 238 198 323 203 488 228 553 218 423 308 458 228 478 213 448 293
413 193 303 203 323 228 433 228 303 213 119 233 59 213 198 193 138 198 148 248 148 338
348 232 267 209 258 232 344 259 258 218 126 177 94 155 112 177 158 164 117 205 71 214
172 264 260 241 265 213 181 231 265 227 419 213 471 180 475 273 415 241 410 185 443 199
218 266 288 261 303 236 218 241 303 246 458 251 513 226 503 331 433 281 453 226 508 246
338 166 280 185 319 213 385 181 295 197 178 248 128 240 104 259 163 213 229 263 186 334
383 197 295 187 295 211 387 218 291 197 135 182 91 161 126 184 152 161 147 196 131 218
260 258 303 202 270 191 210 243 287 194 354 136 366 109 413 166 377 154 319 139 303 168
370 187 307 192 330 219 406 210 316 205 171 228 113 215 117 242 162 192 198 251 149 291
171 223 247 238 290 209 223 209 275 223 409 266 476 257 409 352 366 290 438 228 499 261
355 236 270 195 246 224 314 264 254 203 165 147 141 127 217 127 197 147 149 171 100 187
385 195 292 185 288 205 385 219 288 195 136 165 102 136 106 136 160 141 141 185 141 195
352 183 328 190 379 213 422 186 348 200 251 263 221 267 167 283 221 240 318 277 301 344
334 168 270 184 310 216 370 188 286 196 167 240 107 240 91 248 155 204 211 264 167 328
195 218 265 232 307 209 242 204 293 222 413 264 488 255 409 362 372 283 446 236 511 264
312 251 274 189 230 201 245 261 252 194 233 124 226 100 286 167 269 131 206 141 199 177
225 265 315 224 307 195 216 236 315 211 439 166 464 137 497 207 447 187 414 150 435 166
272 263 280 193 239 189 199 254 261 189 296 121 296 93 357 149 328 141 258 132 239 167
342 251 271 190 233 213 268 267 249 197 198 129 188 107 265 168 233 133 175 149 137 155
204 220 267 230 313 202 249 202 295 216 426 266 485 252 413 357 381 289 458 234 517 257
360 187 294 187 323 212 389 200 306 200 174 233 125 220 108 241 145 208 211 253 170 299
295 250 267 187 225 192 225 261 246 187 246 127 242 94 293 162 279 131 211 131 191 136
279 261 261 192 217 192 206 258 240 189 245 123 247 97 286 173 282 139 215 134 206 171
387 189 298 185 303 208 392 213 298 199 144 203 74 194 116 217 158 180 163 222 97 269
364 182 306 190 335 215 406 203 318 199 184 232 125 220 125 232 175 194 213 253 167 299
355 181 297 189 330 219 393 194 305 202 180 239 126 231 109 244 164 206 218 256 172 314
267 273 297 206 258 198 208 254 281 201 328 142 334 109 389 164 356 156 295 145 256 181
188 256 282 223 273 195 183 228 282 209 429 176 471 148 490 228 433 204 405 157 429 157
198 254 273 249 293 224 223 229 288 239 433 259 493 229 468 334 408 284 438 224 473 249
368 197 288 197 295 223 385 221 287 209 120 199 75 178 94 220 136 176 138 230 76 259
352 228 269 199 252 224 327 261 257 207 148 165 119 140 173 195 177 153 131 190 85 203
219 263 314 222 300 200 214 232 310 213 455 168 487 136 514 213 460 195 428 154 464 145
341 245 283 189 244 203 277 264 263 192 224 122 210 97 277 155 258 127 193 141 154 147
345 229 266 200 250 225 320 262 254 208 146 159 117 134 142 138 171 146 138 175 92 192
208 199 275 217 324 190 248 190 302 204 426 266 480 257 400 355 373 279 471 244 524 266
248 256 299 203 275 187 212 236 289 193 361 142 379 115 418 170 383 157 330 137 313 179
187 216 260 230 302 198 233 207 283 216 412 262 472 253 403 354 371 285 445 230 504 253
208 258 283 253 298 233 223 238 293 243 448 253 508 233 488 333 428 278 443 223 508 248
208 273 283 263 293 233 213 248 293 248 453 248 508 223 503 328 433 278 443 218 498 243
375 201 280 192 294 220 380 216 280 206 118 206 70 182 89 225 132 173 137 235 80 268
353 232 267 209 258 232 340 264 258 218 131 177 99 155 167 196 162 164 122 205 76 218
363 181 304 190 333 215 400 202 312 198 187 231 129 219 124 236 175 198 216 252 170 298
198 206 265 219 309 202 238 197 292 210 420 268 474 255 398 361 367 286 456 237 513 264
268 274 289 198 250 196 203 256 271 196 309 136 315 102 372 157 343 152 276 141 247 175
183 246 258 246 288 221 223 221 278 236 423 266 493 251 448 356 383 296 443 236 493 251
381 197 294 187 289 206 385 216 289 197 134 168 95 144 197 163 158 148 144 182 129 197
265 264 268 193 226 190 192 257 249 190 272 128 272 91 337 147 307 142 235 133 219 172
364 201 275 182 266 201 355 229 266 192 139 154 107 131 130 149 163 140 135 177 78 196
264 262 259 194 217 192 185 264 238 192 257 125 257 97 322 148 294 143 227 132 208 169
349 231 266 188 234 216 301 263 250 200 163 144 143 121 246 180 195 140 147 168 108 176
373 172 336 189 386 212 430 182 360 199 253 262 223 262 173 282 226 236 320 276 303 342
342 241 288 187 247 195 269 255 269 190 234 116 223 94 294 138 269 119 206 135 171 138
343 230 276 190 243 210 290 257 256 194 183 133 166 107 273 167 220 127 159 154 123 154
197 244 289 217 280 189 197 226 289 203 436 166 473 143 496 221 445 194 404 152 436 152
374 184 299 193 313 212 398 212 299 203 149 212 97 193 116 217 163 175 172 236 116 273
328 239 263 190 230 213 272 269 243 194 184 135 171 112 263 174 220 135 161 161 125 158
185 275 271 255 276 232 195 251 281 246 434 236 491 208 491 313 420 270 424 208 472 232
223 266 313 226 299 204 210 244 308 213 443 163 474 136 497 213 443 186 416 159 443 145
356 229 284 188 253 209 301 254 267 192 191 133 178 109 267 164 219 126 167 157 147 164
341 172 284 188 321 216 378 192 297 200 175 245 118 237 102 245 159 208 219 261 171 326
348 235 265 197 244 218 319 264 252 206 149 156 116 140 215 156 182 148 137 177 91 193
211 258 305 221 292 199 206 230 305 208 445 167 476 140 503 217 454 194 418 158 445 167
208 203 270 217 319 195 248 195 297 208 417 266 480 257 400 359 368 284 462 244 520 266
271 268 310 205 274 195 217 248 292 199 352 141 364 108 413 169 378 158 318 143 305 177
170 267 273 237 260 207 174 237 269 220 423 190 466 164 483 246 427 216 397 168 436 181
370 187 304 192 322 214 397 205 313 201 167 232 114 218 109 241 162 196 198 254 153 298
356 236 276 190 250 213 303 262 257 198 178 137 166 114 257 171 208 133 159 164 128 164
196 203 260 216 310 193 237 193 292 207 410 262 473 253 396 357 360 284 455 243 514 266
249 260 324 214 307 193 228 230 320 197 433 151 458 126 488 189 442 172 404 142 429 147
359 182 336 192 383 216 434 186 353 203 254 264 220 264 172 284 227 240 319 278 302 342
273 265 301 205 263 199 213 255 285 202 339 142 351 114 402 170 364 161 304 148 263 180
346 225 265 197 245 221 322 257 253 205 148 164 116 140 184 176 172 148 132 185 95 201
175 259 266 235 266 216 180 230 266 225 423 201 471 173 481 259 419 235 409 173 438 182
249 260 325 209 313 192 223 226 321 201 440 150 466 124 491 196 449 171 411 145 436 150
183 236 258 240 293 216 233 216 283 231 417 265 487 255 427 355 377 290 442 231 507 260
246 271 305 219 287 201 213 245 302 204 394 152 409 119 454 186 409 175 361 145 387 130
378 191 307 201 325 215 406 215 307 205 160 220 103 201 212 182 169 186 188 243 136 276
386 190 310 194 325 223 410 213 310 209 164 223 112 209 126 223 169 185 188 246 140 284
206 202 269 220 319 193 251 193 297 206 419 265 482 256 400 356 373 283 464 243 523 265
364 170 327 187 377 211 420 184 350 197 267 251 213 267 160 287 220 234 310 277 297 348
372 163 314 182 356 209 418 178 333 194 221 236 175 240 140 255 206 205 267 259 233 325
331 245 285 184 244 197 262 258 265 189 234 121 229 93 293 164 270 123 209 138 186 144
383 198 297 194 301 215 394 219 294 201 131 194 87 171 104 217 143 171 150 210 133 229
378 186 293 181 293 210 383 219 288 195 132 176 94 148 113 158 155 153 141 200 79 229
206 202 265 220 314 193 242 189 296 207 414 265 477 256 396 356 364 284 463 247 518 270
300 250 273 191 231 199 236 260 251 191 239 128 236 98 288 172 273 135 207 138 190 145
244 258 317 209 301 193 224 234 313 197 422 149 447 124 475 185 426 169 394 140 354 169
375 190 282 171 277 194 370 217 277 185 138 148 105 120 133 152 170 129 138 166 105 185
285 256 260 190 219 190 212 256 242 187 246 123 244 96 287 171 281 135 217 133 208 169
273 267 294 204 257 199 205 259 276 201 318 144 323 107 373 165 347 157 286 146 252 178
180 268 270 249 270 220 184 239 270 234 427 225 474 192 484 292 422 253 417 196 465 215
175 256 266 233 261 214 175 237 266 223 424 194 476 166 486 256 428 223 409 171 433 175
376 193 284 178 279 198 376 217 274 188 134 154 105 125 110 145 158 140 139 174 129 193
270 260 261 198 213 194 195 257 238 194 254 124 251 94 295 155 288 139 220 133 206 167
256 253 300 201 273 187 210 239 288 194 356 138 370 105 415 169 380 153 321 140 329 175
371 180 321 194 374 219 427 184 342 208 244 264 206 264 164 285 220 233 300 275 283 345
198 256 268 251 288 226 223 231 283 241 433 261 488 236 463 341 403 286 433 226 473 246
365 232 274 205 260 223 347 260 265 214 142 173 114 151 160 201 174 160 137 191 92 205
365 217 269 194 265 217 351 244 265 208 137 167 106 144 133 171 165 148 133 189 78 208
246 262 313 210 297 194 222 242 309 198 409 146 425 114 465 182 421 166 381 138 353 170
378 173 326 188 375 214 427 188 345 199 224 252 194 244 157 263 224 214 284 263 251 331
188 251 258 251 288 226 218 231 278 236 423 266 493 246 453 351 388 291 433 231 488 241
370 176 325 195 370 221 426 187 343 206 238 255 190 258 152 273 220 221 287 273 257 345
243 260 293 210 272 196 201 242 286 196 364 146 385 115 424 182 385 168 328 143 321 185
