810 544 912 491 916 431 776 427 909 465 878 385 848 344 825 514 928 431 924 416 905 355
1028 625 941 585 957 513 1092 545 941 545 750 521 679 506 655 561 750 561 790 466 838 537
715 410 739 466 739 405 710 292 743 429 927 452 1003 433 1003 499 913 504 880 391 875 297
1122 344 1060 364 1056 328 1135 285 1050 331 981 399 1007 429 1043 497 1024 471 991 344 1053 344
1015 635 1004 569 1031 498 987 575 998 531 873 487 807 481 801 514 862 514 900 454 916 531
1145 368 1111 392 1060 350 1163 299 1027 377 1030 419 1096 453 1090 513 1003 489 1108 395 1145 365
822 572 1004 566 1010 504 827 464 1004 532 1129 481 1146 464 1095 538 1135 515 1101 453 1124 515
1117 636 997 591 1012 523 1178 613 1004 553 793 560 711 553 711 606 786 583 831 508 937 530
1204 483 1139 342 1073 366 1231 271 1105 350 1136 381 1176 418 1199 481 1097 439 1202 326 1196 483
831 573 1012 555 1018 497 825 474 1023 526 1140 468 1152 456 1018 503 1134 491 1117 456 1076 520
1000 466 1046 424 1063 364 965 403 1056 382 959 326 910 343 924 364 948 378 976 312 976 361
955 605 1118 588 1135 524 955 507 1118 559 1193 489 1211 466 1205 570 1216 524 1170 466 1176 518
848 511 991 482 982 416 829 411 1001 435 1072 416 1081 363 1067 397 1158 454 996 387 1053 392
847 280 890 385 873 411 847 280 890 406 1060 459 1117 446 1073 420 1038 393 1043 389 1134 507
893 502 1053 508 1053 455 883 402 1063 481 1164 433 1191 412 1153 476 1180 465 1127 396 1138 465
911 510 1053 483 1043 410 893 406 1043 447 1226 451 1130 351 1103 428 1212 456 1053 378 1094 419
896 536 960 502 966 438 859 469 960 452 872 398 829 401 829 432 876 428 889 371 876 438
904 510 967 467 973 404 865 434 967 417 878 361 835 368 832 394 875 381 898 342 885 401
789 450 909 488 903 438 802 299 928 457 1148 438 1230 432 1117 495 1135 488 1110 381 1117 413
938 429 1070 475 1076 429 973 291 1087 452 1282 395 1317 377 1208 458 1277 446 1237 349 1173 360
1235 530 1088 508 1080 420 1243 427 1080 479 851 479 770 471 785 560 836 538 888 420 1006 442
931 511 1019 457 1031 396 906 417 1022 420 964 347 934 338 931 371 970 362 979 320 982 326
955 615 955 577 986 501 1122 554 963 531 788 509 720 486 697 539 788 554 826 463 857 531
1164 451 1002 451 1002 360 1151 380 989 412 821 457 769 470 801 541 821 509 860 399 963 386
1227 726 1089 661 1105 588 1275 653 1089 628 845 588 756 588 943 628 862 636 894 539 999 580
1210 399 1038 410 1055 330 1187 330 1026 358 894 404 860 439 951 393 848 433 928 358 1026 353
895 531 814 475 845 407 920 438 821 432 665 401 590 382 590 438 653 438 696 351 721 438
940 558 947 522 983 451 1104 515 961 480 797 437 725 415 711 458 782 465 832 401 875 480
946 616 969 542 1006 497 935 519 987 516 891 437 846 397 883 527 876 478 920 419 898 497
1221 348 1051 370 1067 282 1194 282 1045 332 918 365 874 398 924 453 874 376 946 315 1040 315
1085 416 947 435 959 374 1081 366 940 389 871 458 871 492 978 400 1039 366 871 404 974 412
698 466 823 494 823 445 712 307 850 459 1064 418 1119 376 1133 445 1078 480 1009 369 954 404
1138 604 1004 542 996 518 1036 628 989 526 785 534 699 534 683 589 761 565 824 495 910 526
996 540 1010 404 1014 368 1096 332 1000 393 942 454 967 479 1000 544 910 497 946 393 1021 397
1151 338 1045 366 1038 303 1140 239 1041 320 960 409 907 437 1055 331 999 440 960 331 1048 338
1285 594 1133 548 1141 458 1292 495 1133 503 884 503 793 488 808 563 868 563 929 435 1050 480
766 452 821 501 815 439 759 346 846 476 1051 483 1138 476 952 520 1032 532 1020 427 921 408
706 437 723 481 723 437 684 328 755 454 936 476 1018 470 969 508 920 525 903 426 881 361
1172 485 1010 485 1010 404 1166 411 992 442 811 491 762 498 793 572 805 547 855 423 973 423
937 420 937 471 945 428 921 306 960 440 1090 483 1173 483 1181 546 1067 542 1082 420 1055 416
844 563 943 512 954 457 814 438 946 479 928 383 880 347 913 435 921 398 946 361 1012 402
1200 605 1050 576 1050 498 1179 512 1042 533 813 541 713 541 734 619 806 584 842 476 964 512
1164 329 1003 361 1026 269 1173 288 994 297 912 361 921 398 1049 320 1099 274 1122 269 1145 269
764 321 868 481 861 460 757 314 889 474 1118 439 1194 432 1111 495 1125 488 1076 391 1083 425
687 443 718 495 718 432 671 327 729 458 923 479 1002 458 981 521 918 527 876 422 881 353
1129 379 1002 408 1015 360 1099 295 1005 376 924 441 905 460 963 528 895 493 931 373 1018 366
1158 637 1034 599 1049 514 1119 506 1034 552 833 537 740 537 732 591 817 560 863 506 956 545
1252 606 1111 548 1127 474 1301 532 1119 515 862 482 771 482 953 532 887 523 903 441 1036 465
1170 598 1025 575 1017 484 1147 476 1017 537 780 537 688 545 703 621 764 591 818 468 948 499
1181 408 1013 420 1019 333 1158 339 996 368 856 414 816 449 868 495 839 449 891 368 990 362
1140 637 1008 598 1032 528 1187 551 1016 567 806 536 728 528 720 582 798 567 860 497 954 536
921 554 936 518 971 448 1090 511 950 476 788 434 717 413 703 455 781 462 816 399 865 469
1156 626 1029 571 1021 539 1053 642 1021 555 799 547 727 547 719 603 791 579 846 507 950 555
1157 611 1016 549 1008 541 1048 642 1008 541 805 549 719 549 696 603 774 580 844 502 930 541
981 526 1145 521 1151 446 975 441 1172 468 1193 436 1230 399 1204 494 1214 452 1225 436 1119 478
907 506 1057 518 1068 465 878 471 1057 489 1149 448 1190 437 1155 489 1173 477 1121 413 1074 465
745 445 819 482 813 439 739 322 832 458 1060 458 1140 451 1054 507 1048 507 1023 402 1029 433
1234 655 1094 593 1094 547 1110 655 1094 562 900 547 814 539 807 593 892 570 931 508 1016 562
772 473 898 500 898 460 779 328 917 473 1129 440 1195 414 1181 440 1135 500 1082 381 1010 421
886 569 899 519 930 457 1024 488 905 488 755 450 680 432 667 482 761 494 780 407 811 482
850 573 983 554 993 484 835 475 993 519 1082 450 1126 484 1032 479 1092 489 1087 470 1057 410
1194 648 1064 572 1057 564 1080 663 1057 564 850 549 766 541 751 595 843 579 888 518 980 572
866 559 804 509 829 441 847 460 804 472 662 435 594 423 587 472 649 472 687 392 711 466
1014 328 1017 396 1033 333 1107 297 1041 358 1112 418 1159 453 1107 292 1164 415 1118 371 1110 295
932 348 993 325 944 344 940 227 970 348 1080 405 1156 405 1156 462 1141 413 1061 348 1016 295
921 595 872 547 902 474 915 511 878 511 739 468 673 456 667 499 727 511 763 426 775 493
908 545 1027 501 1027 438 884 430 1031 466 1043 390 1035 350 995 418 1059 414 1023 358 995 382
944 547 959 493 1002 439 940 466 983 458 882 381 836 342 890 478 871 420 913 365 886 439
984 554 1099 535 1035 490 913 522 1073 503 1226 471 1265 458 1169 554 1233 503 1175 427 1124 452
912 471 1018 464 1005 424 879 424 1031 444 1223 411 1263 404 1163 471 1223 451 1177 371 1097 391
747 399 771 447 771 394 742 285 785 408 952 447 1028 423 1033 485 942 494 914 394 957 304
869 427 1003 453 1003 427 896 293 1023 440 1243 407 1303 393 1163 460 1243 460 1196 346 1116 386
870 569 863 528 904 459 1007 500 877 487 733 459 664 439 650 493 733 500 760 418 801 487
952 592 1114 575 1119 513 941 497 1114 547 1181 480 1192 452 1114 541 1192 513 1159 457 1069 491
1107 633 977 580 985 519 1122 572 977 549 772 549 681 549 681 610 772 580 810 511 924 527
674 495 766 541 753 488 667 376 779 501 1004 482 1083 468 1004 541 998 541 964 429 892 455
926 591 972 512 995 463 916 496 985 479 893 407 857 357 840 466 880 446 923 387 919 450
1233 527 1084 519 1076 475 1181 460 1069 497 875 504 800 504 815 594 867 564 904 437 1024 460
996 633 978 581 996 505 961 581 967 540 833 488 774 482 768 523 821 517 856 453 868 528
1144 516 1004 516 995 481 1153 525 987 499 785 490 715 464 733 525 803 508 820 455 776 534
706 404 729 461 725 404 696 291 734 409 908 447 979 423 1003 499 904 494 861 395 880 301
1060 511 1111 498 1073 466 959 485 1105 479 1275 447 1319 441 1218 530 1281 485 1231 403 1162 429
851 424 938 474 931 437 869 294 950 455 1167 455 1247 443 1179 505 1154 499 1142 393 1142 418
1085 493 1157 321 1178 286 1178 286 1178 290 1029 407 988 452 1085 493 1005 455 1026 342 1095 335
930 376 1043 423 1050 376 910 296 1063 403 1256 356 1296 336 1183 436 1263 396 1210 303 1136 323
696 368 733 411 733 358 691 251 749 379 957 406 1032 390 1010 448 941 448 909 358 914 305
912 575 1064 559 1075 491 906 475 1075 522 1169 465 1153 444 1143 507 1153 480 1138 423 1127 417
896 519 1019 506 981 474 864 500 1000 480 1200 448 1246 441 1103 525 1200 493 1155 409 1078 428
890 383 904 412 907 418 975 295 928 421 1004 448 1098 459 1095 512 1051 465 992 386 910 342
1269 637 1111 587 1127 504 1302 570 1119 545 854 537 771 529 953 579 879 579 904 487 1036 504
1086 629 1011 571 1019 512 1161 562 1002 537 819 512 743 487 777 562 835 529 844 479 927 546
815 338 837 391 846 329 824 228 855 351 1010 396 1085 378 1067 431 1005 449 979 338 1023 254
1236 514 1084 514 1078 428 1206 434 1078 477 883 507 822 507 840 599 889 550 907 434 1029 446
867 601 875 563 906 478 1036 532 883 509 714 486 637 463 652 517 714 509 744 448 798 509
1190 717 1064 654 1082 573 1254 636 1064 609 820 591 721 573 730 627 829 627 856 536 974 573
1237 492 1076 486 1076 418 1194 424 1083 455 885 480 823 480 842 566 885 529 910 406 1027 437
1210 551 1055 544 1055 456 1202 463 1055 507 813 529 739 529 754 617 806 588 850 456 982 478
963 571 1067 540 1018 504 889 546 1048 516 1189 467 1226 448 1140 559 1208 510 1146 436 1110 448
1246 634 1096 584 1104 501 1288 559 1096 551 854 526 746 526 962 584 879 576 887 476 1021 501
1139 373 975 401 980 305 1110 315 966 358 879 392 865 416 932 421 870 425 889 334 971 339
1071 404 985 446 964 386 1064 343 957 400 903 500 939 525 964 568 857 500 900 418 985 421
858 467 1013 516 1007 460 895 349 1025 491 1230 429 1267 411 1149 504 1236 479 1186 380 1112 399
1187 368 1106 421 1019 408 1190 309 1075 386 1053 424 1118 473 1115 362 1124 461 1059 371 1109 374
798 475 903 495 903 449 805 312 922 462 1144 456 1229 449 1131 508 1138 508 1112 397 1118 436
978 206 1005 313 978 340 974 210 997 340 1138 393 1215 389 1215 454 1196 412 1123 324 1211 450
726 412 772 475 766 406 715 303 778 440 996 446 1076 435 910 486 979 492 956 377 847 372
1078 271 987 348 1029 331 1081 274 1009 338 1086 385 1150 415 1165 472 1056 449 1091 340 1165 479
1280 602 1137 551 1146 476 1313 526 1137 518 887 493 786 501 995 551 912 535 928 451 1054 485
1175 535 1024 517 1024 441 1168 435 1018 485 823 523 754 542 791 623 816 579 842 466 961 466
1152 512 1120 371 1102 365 1196 303 1061 395 1076 462 1135 465 1155 515 1114 509 1143 406 1176 365
1046 389 1036 399 1090 379 1154 343 1069 402 1131 466 1192 512 1149 340 1090 519 1133 404 1210 548
724 376 754 421 754 371 719 265 764 391 945 426 1030 406 1000 471 930 471 909 371 915 296
1332 570 1181 522 1196 442 1356 490 1181 482 933 466 845 458 1045 490 949 506 981 410 1101 450
1243 639 1095 582 1120 508 1284 557 1104 549 857 516 759 516 759 574 874 565 898 475 1021 500
761 380 805 435 794 375 750 276 810 402 1030 419 1112 413 931 463 1008 463 997 359 892 342
1140 611 996 575 1010 532 1053 625 1003 553 800 539 714 553 699 597 779 568 837 503 938 539
1245 716 1109 652 1125 580 1293 644 1109 612 877 572 781 548 797 620 885 612 925 524 1029 572
723 406 834 432 834 380 736 249 860 399 1083 373 1148 334 1070 438 1076 432 1037 321 952 334
1008 231 1031 332 1004 352 1008 235 1024 352 1176 414 1242 418 1250 476 1230 434 1168 352 1246 472
780 477 850 535 844 484 780 369 869 497 1080 490 1150 471 997 528 1080 541 1035 439 933 407
1072 603 986 556 993 485 1127 532 978 525 797 485 719 462 734 509 789 501 836 446 883 532
989 580 1168 560 1173 493 984 478 1173 529 1266 472 1261 447 1225 529 1255 488 1240 442 1225 519
975 496 1112 476 1079 463 955 483 1105 470 1275 437 1314 424 1190 515 1288 476 1236 398 1158 424
1163 341 1009 373 1028 280 1140 285 1005 308 907 378 907 392 935 466 921 411 921 317 1037 331
872 625 854 576 916 522 867 540 872 540 768 455 715 410 710 522 755 495 804 432 786 513
1243 730 1108 666 1132 586 1299 658 1116 626 885 578 789 554 964 626 892 626 924 523 1036 570
1108 430 1080 317 1120 277 1196 256 1104 284 1148 367 1210 416 1198 249 1092 390 1198 367 1219 464
888 590 888 552 919 477 1047 522 896 507 730 477 654 461 669 514 737 507 752 439 805 507
1210 636 1095 582 1110 513 1248 574 1095 544 904 498 820 483 827 536 889 521 950 467 1003 529
1216 672 1077 623 1085 542 1265 599 1077 582 824 550 734 542 947 615 840 599 873 493 987 533
932 614 967 535 998 487 919 511 984 504 884 425 843 377 888 511 874 459 912 405 898 483
1200 415 1044 409 1044 331 1188 343 1026 367 869 421 821 433 881 475 863 463 899 361 1002 355
938 537 911 496 952 427 1021 441 925 455 752 406 690 393 690 448 739 427 787 372 814 462
899 590 887 542 951 486 895 502 919 502 810 422 750 382 750 486 794 466 842 398 830 478
785 426 847 469 841 413 773 303 871 438 1080 438 1160 420 1080 481 1080 487 1043 383 939 352
1199 543 1055 521 1047 422 1199 415 1047 483 813 483 729 483 737 559 805 536 850 415 972 452
1216 664 1093 614 1108 527 1216 498 1093 570 891 541 805 534 790 578 884 578 927 498 1014 549
899 613 890 557 925 497 877 544 912 518 800 432 756 384 730 505 791 479 830 419 808 492
1120 396 1040 410 1023 358 1123 302 1044 385 950 479 898 482 1006 538 992 493 940 389 1033 392
1129 602 1024 550 1033 489 1181 532 1024 524 823 506 736 497 754 541 815 532 858 462 937 506
973 639 950 608 973 530 1113 577 950 561 770 553 700 530 700 584 770 592 793 498 840 561
926 530 1020 477 1020 414 907 442 1017 436 935 377 898 380 898 408 932 402 957 348 967 352
767 489 879 527 879 471 779 339 904 496 1123 471 1199 458 1092 527 1117 527 1086 414 1011 446
932 494 936 494 1001 453 940 473 981 465 875 387 821 346 875 481 866 432 903 371 883 453
714 368 739 418 744 358 709 248 749 378 929 413 1004 398 979 453 909 463 894 353 899 263
841 358 872 358 867 354 841 239 885 363 1036 407 1098 394 1116 460 1093 389 1000 350 978 283
897 527 1001 451 1004 390 879 424 1004 417 937 360 919 338 909 390 913 378 940 326 1007 289
1110 582 983 526 967 518 1007 621 967 526 745 534 657 542 665 590 737 550 784 494 880 534
696 456 815 469 815 430 710 298 835 449 1066 423 1139 403 1053 489 1060 476 1027 370 941 390
998 615 993 546 1020 482 966 562 1025 503 871 466 802 456 796 498 849 493 887 434 903 509
934 558 1106 529 1106 483 922 454 1123 500 1226 460 1215 420 1094 489 1215 477 1203 431 1157 506
887 516 1011 471 1007 415 869 400 1014 434 992 359 969 318 977 374 1040 397 1011 348 996 367
939 605 944 530 959 480 904 545 949 500 819 450 759 425 754 495 824 485 844 420 844 490
855 528 946 479 957 423 817 444 946 451 922 374 873 364 869 420 950 402 915 346 974 353
644 459 696 505 691 442 639 332 702 465 916 459 1002 447 841 517 910 517 870 401 789 355
968 230 998 320 972 358 964 230 994 354 1108 411 1176 411 1194 471 1100 350 1092 471 1191 475
814 465 899 513 887 465 808 330 899 483 1131 465 1211 446 1131 519 1119 513 1095 410 1009 428
853 580 982 541 974 474 825 474 990 502 1009 427 1017 388 1025 505 1052 435 994 416 954 431
726 488 789 540 784 482 720 384 801 511 1021 500 1090 476 928 557 1015 557 974 447 876 447
1115 733 1024 684 1041 601 1189 643 1016 643 826 560 769 502 703 675 802 634 876 519 950 610
810 566 936 529 936 464 786 452 949 485 973 403 969 375 908 440 1095 505 953 440 969 379
1205 682 1087 623 1102 550 1212 506 1087 587 882 565 793 557 786 601 867 594 918 528 999 565
903 440 1037 472 1043 440 928 312 1056 459 1266 408 1317 402 1183 465 1266 465 1228 363 1177 363
942 587 942 543 978 471 1102 529 949 500 789 478 716 449 694 507 782 514 818 434 876 492
939 273 1049 422 1049 403 945 266 1068 416 1289 370 1340 351 1211 428 1282 428 1243 318 1172 338
899 527 1031 480 1027 426 883 414 1035 441 1007 367 1050 336 1070 480 1011 352 1042 414 996 360
864 579 997 555 992 489 850 484 992 527 1054 508 1087 503 1064 417 1007 484 988 474 1064 431
655 450 692 492 692 440 645 335 702 466 896 487 979 471 953 528 880 534 859 434 838 366
760 252 858 402 858 380 745 245 880 395 1090 365 1150 312 1135 417 1090 432 1045 320 1097 342
706 502 793 545 780 502 694 384 805 514 1022 502 1103 483 1016 552 1016 558 991 446 917 471
1219 264 1049 366 1130 304 1213 261 1081 345 1119 410 1176 402 1178 466 1073 439 1135 318 1178 472
1213 662 1097 604 1105 538 1246 604 1097 571 907 546 815 513 832 571 898 571 940 505 1031 546
1122 407 973 431 989 367 1110 355 981 383 896 459 892 492 1005 395 896 524 900 395 1005 395
1109 624 979 594 994 510 1101 525 979 556 780 556 688 556 688 617 772 594 811 502 925 525
843 473 942 512 935 473 870 322 955 486 1185 473 1263 460 1204 532 1165 526 1152 421 1158 440
1105 575 970 527 962 511 1002 615 962 519 731 519 659 519 651 575 723 543 778 480 882 519
787 501 877 537 871 477 781 350 895 507 1119 471 1197 459 1100 543 1113 531 1082 422 998 453
959 633 928 584 965 511 959 572 940 548 806 499 740 487 727 530 794 542 831 457 837 523
1148 602 1033 553 1049 487 1189 536 1033 520 860 479 769 495 761 487 835 503 876 437 786 454
1214 741 1086 677 1102 605 1270 669 1086 637 854 597 759 581 950 629 870 637 894 549 1006 597
838 594 838 558 866 479 996 522 852 507 672 479 600 471 585 522 679 515 701 435 765 507
812 294 846 354 838 294 825 180 859 307 1008 350 1067 333 1093 405 1004 405 965 286 978 188
1168 345 990 356 1012 269 1147 275 996 318 877 356 850 388 877 437 828 356 898 302 996 307
1011 486 1053 419 1078 373 989 405 1071 387 979 330 940 320 936 366 972 373 1007 305 1003 355
1122 626 980 595 988 524 1091 532 980 563 774 563 695 547 680 611 774 587 814 508 925 516
1228 714 1100 642 1124 578 1284 650 1100 610 885 554 789 522 957 610 893 594 925 506 1020 554
932 567 1062 542 1000 505 882 536 1031 517 1167 462 1198 449 1117 548 1191 511 1123 431 1086 468
1128 365 967 395 977 304 1102 299 967 345 846 405 831 425 861 491 795 415 861 345 956 345
1107 743 1002 675 1025 601 1174 661 1002 638 794 579 726 526 689 653 771 631 846 534 935 601
1005 600 1000 530 1024 466 970 540 1024 486 881 451 816 441 806 476 866 481 900 416 910 491
1254 382 1093 388 1087 305 1230 311 1075 341 909 394 873 412 968 430 903 424 950 329 1051 323
1075 622 974 575 989 505 1122 552 974 544 780 521 710 498 694 560 787 568 826 474 881 560
926 305 947 412 943 408 921 305 955 420 1113 476 1190 476 1062 501 1105 420 1105 412 1053 433
1207 617 1020 585 1037 536 1053 609 1028 552 826 544 745 520 745 585 818 560 866 512 947 568
1160 604 1030 550 1022 528 1061 635 1022 543 800 535 724 535 716 589 785 566 854 497 946 543
930 506 1046 499 1019 472 896 486 1046 479 1231 452 1272 438 1190 527 1238 499 1190 404 1115 424
999 517 1036 446 1062 409 973 443 1050 424 973 357 924 320 984 454 965 394 995 339 947 417
901 545 1034 511 1034 443 880 430 1030 477 1201 490 1207 513 1038 460 1192 481 1051 417 1081 370
967 514 1151 503 1157 447 967 413 1157 475 1241 413 1263 391 1224 469 1252 430 1246 408 1224 396
917 275 957 374 932 399 917 275 950 396 1081 451 1154 451 1162 509 1052 505 1070 385 1034 389
1219 245 1111 284 1178 277 1254 272 1125 286 1178 371 1238 413 1219 247 1116 378 1245 403 1252 454
929 278 856 444 849 371 922 278 889 381 965 453 1048 447 1058 513 1012 490 945 387 846 361
767 291 861 439 861 432 767 284 881 439 1110 426 1191 426 1103 473 1097 480 1077 372 1083 399
926 270 955 381 878 410 923 270 891 416 1002 448 1075 441 1088 505 1059 464 980 384 885 343
1182 525 1041 518 1026 448 1153 448 1026 497 801 511 730 504 751 596 786 575 836 433 963 462
1229 704 1104 641 1119 563 1283 633 1104 602 862 556 776 532 964 602 878 602 909 509 1018 563
630 449 677 507 665 443 612 337 683 472 901 472 977 454 824 513 877 525 860 407 742 384
725 377 763 425 763 366 715 270 773 393 981 414 1056 398 1002 435 960 462 944 355 933 323
208 228 270 188 298 176 267 230 286 178 298 114 310 95 246 154 263 133 293 97 260 124
233 246 323 223 338 231 252 257 334 223 412 171 423 160 338 182 393 182 416 179 352 179
276 139 328 185 265 179 265 136 297 182 334 299 334 365 428 320 374 308 294 288 351 265
346 179 332 173 276 161 285 127 305 173 323 272 320 324 407 301 358 280 282 249 337 185
202 124 316 173 247 100 215 120 247 120 337 274 373 331 434 283 373 270 304 283 320 185
201 230 317 213 307 191 237 242 314 194 373 148 389 143 312 143 360 138 363 138 312 148
170 94 211 112 198 148 148 121 211 143 329 225 369 265 414 225 378 220 283 243 288 152
287 233 280 187 310 154 343 216 290 167 231 114 204 91 172 131 204 134 257 98 237 134
182 158 253 180 248 180 182 140 261 180 389 219 429 233 455 206 407 206 371 211 323 153
243 191 278 216 241 216 386 376 261 211 265 277 285 323 301 200 311 295 327 301 353 308
295 119 321 175 225 156 225 127 277 167 325 282 347 345 421 304 373 297 284 282 321 190
268 210 247 182 274 145 326 196 257 159 186 121 152 97 128 135 162 148 210 97 213 111
289 237 248 208 272 171 346 216 260 188 166 143 117 143 109 167 150 171 191 118 191 163
257 231 282 189 308 161 317 227 292 170 252 109 249 88 203 119 233 130 280 95 259 123
200 160 296 156 286 166 202 155 293 166 423 181 498 164 382 149 437 175 391 188 358 142
278 236 290 194 317 164 342 231 300 172 258 115 243 93 203 127 233 135 285 100 265 127
189 201 276 199 272 197 187 206 282 197 417 190 473 168 513 216 416 217 389 181 343 157
347 305 291 364 241 204 259 180 255 213 262 279 279 317 346 307 306 294 237 234 289 196
410 244 346 233 344 188 423 207 334 205 207 205 150 207 156 239 207 240 235 172 283 186
216 230 313 212 330 212 249 253 330 210 365 181 402 153 324 167 372 157 394 150 341 160
191 224 289 220 281 203 191 228 298 211 413 177 460 168 370 237 409 207 383 164 332 164
345 324 284 277 240 208 315 365 248 212 256 294 262 176 343 320 305 310 228 245 293 200
177 117 245 162 222 176 159 126 227 167 344 239 421 248 435 221 389 221 299 235 294 158
184 241 271 196 276 182 237 246 285 186 312 128 331 119 249 131 321 152 301 113 250 131
193 239 258 203 308 188 237 248 286 191 302 153 339 129 237 243 324 135 330 131 280 128
450 217 385 217 385 168 463 180 381 192 258 204 201 209 246 258 266 237 270 159 340 168
354 144 290 183 254 160 293 130 271 166 222 255 210 319 302 315 263 289 195 222 207 180
335 252 280 225 299 183 382 220 285 202 179 178 128 174 114 202 165 215 206 151 229 174
456 198 375 209 365 166 427 160 363 184 259 245 207 279 296 312 281 279 259 200 339 190
326 169 311 181 259 172 262 126 285 183 305 270 308 339 395 302 352 287 274 285 308 181
349 263 299 240 317 199 400 231 303 213 183 199 128 190 128 222 183 231 211 166 243 185
426 210 354 202 351 167 426 176 348 183 223 190 172 190 184 221 227 221 240 154 290 159
438 219 385 211 381 166 455 182 377 191 255 211 198 219 251 268 271 244 267 170 341 170
227 234 271 188 296 163 289 232 284 166 275 106 261 83 248 150 257 113 291 92 259 120
225 238 325 216 334 215 252 258 343 217 411 155 417 165 340 169 373 158 410 166 351 172
194 204 278 192 279 199 192 210 285 195 425 186 468 154 344 158 441 201 403 181 341 163
433 212 387 212 383 166 459 179 379 187 253 200 203 204 241 246 262 229 270 158 333 162
425 200 377 207 373 163 428 163 373 178 254 218 203 241 273 281 273 255 262 178 336 170
277 212 261 177 290 142 338 200 274 155 207 110 181 91 146 120 181 136 239 91 223 126
195 168 282 173 273 177 209 154 292 177 425 205 517 205 407 173 439 191 379 196 351 154
194 231 272 196 299 186 231 242 302 184 321 167 362 134 269 163 292 180 344 138 315 163
204 222 291 211 299 213 215 242 307 207 405 163 421 135 326 169 376 157 403 176 325 170
300 114 309 182 245 176 251 134 271 176 322 302 345 354 420 315 365 296 290 309 423 315
291 238 294 189 324 162 354 225 304 172 254 122 231 99 198 129 228 142 284 105 264 132
457 191 376 205 363 163 423 158 360 183 250 232 200 264 281 298 274 268 253 189 335 180
448 209 385 205 381 164 452 172 377 184 256 197 206 197 239 239 264 222 268 159 327 159
238 231 270 186 295 156 302 224 279 163 252 103 247 81 195 113 229 117 275 92 252 115
192 171 264 171 242 180 192 149 251 176 377 212 449 239 436 194 413 198 341 212 318 144
299 118 344 174 275 156 284 118 308 165 332 275 329 338 424 314 373 290 287 243 347 192
429 359 356 369 293 191 437 351 293 203 318 274 310 312 411 306 372 294 299 221 348 185
349 133 332 184 291 164 346 136 303 174 233 255 207 312 295 324 268 292 212 221 302 191
137 160 212 129 163 151 141 97 186 142 310 231 355 280 395 222 364 227 261 231 275 142
196 231 279 177 287 172 252 236 290 172 301 121 325 105 236 153 282 156 306 102 247 137
417 218 342 211 344 171 418 187 339 191 208 196 153 193 166 229 215 224 228 161 285 159
220 157 272 179 285 179 189 149 285 179 404 206 474 223 439 179 417 197 377 214 338 157
289 215 270 190 244 175 266 151 261 187 221 259 217 321 308 319 265 300 197 228 267 191
423 206 367 194 367 155 440 172 361 173 243 188 187 187 205 222 247 218 255 155 298 158
205 218 300 213 296 205 205 235 304 213 422 174 457 144 348 170 439 192 404 170 504 196
440 203 387 203 383 163 444 175 383 175 254 215 201 236 258 276 274 252 262 175 339 171
243 185 328 302 243 198 249 178 266 208 267 277 273 322 354 313 311 292 241 242 296 198
405 207 363 227 336 173 401 150 355 196 248 265 198 307 305 326 286 295 244 215 325 184
365 149 305 162 268 153 302 136 282 162 221 256 189 319 293 321 255 289 189 221 268 186
222 233 320 214 328 218 237 256 331 218 403 165 426 139 331 177 377 165 415 180 471 184
410 234 336 225 338 186 412 199 332 205 203 203 143 205 158 240 205 234 225 170 282 184
195 218 296 218 283 206 191 243 292 214 405 172 442 147 484 193 413 189 384 168 333 164
199 157 286 179 300 161 222 152 295 170 419 189 506 184 442 161 419 184 391 189 341 147
197 209 280 198 282 205 194 216 286 199 415 187 466 161 507 207 428 199 393 181 334 161
203 176 300 169 293 174 206 169 300 171 427 180 497 165 512 214 438 183 389 185 363 148
306 181 303 189 243 169 237 141 272 187 297 278 292 323 374 306 334 298 255 286 303 192
325 240 272 214 290 170 364 209 277 192 171 165 119 148 105 183 162 196 202 135 220 165
220 228 270 185 300 164 277 233 287 166 284 118 245 99 266 178 273 143 296 95 261 118
380 251 306 237 315 195 398 218 306 214 182 200 122 195 117 232 186 232 209 172 232 168
306 233 271 225 241 194 281 196 252 219 240 268 236 333 327 324 283 308 215 235 280 200
398 254 318 228 323 193 406 219 314 210 189 200 136 198 133 231 188 232 219 171 256 183
191 217 296 225 280 205 195 233 292 213 396 168 424 144 464 185 396 185 368 160 324 164
230 236 266 183 293 156 293 229 282 158 257 106 246 84 200 113 236 122 277 90 248 118
361 265 301 246 315 200 398 232 301 223 177 205 121 200 126 237 181 242 200 177 237 191
182 171 291 167 236 176 178 144 245 185 363 230 431 239 435 212 403 212 322 226 309 149
271 220 240 193 267 155 328 205 248 170 170 135 124 120 113 162 159 162 197 108 197 132
203 215 289 203 293 207 207 234 305 199 399 164 422 144 340 195 391 183 383 168 325 168
198 177 260 168 229 182 167 138 237 173 357 239 432 252 432 213 396 221 313 239 304 160
312 234 260 208 282 170 359 208 269 187 166 153 119 144 110 178 162 183 196 123 204 161
144 170 224 134 188 125 161 107 206 152 323 247 368 301 422 260 377 242 265 247 287 157
193 188 274 186 270 186 191 185 280 187 416 183 478 166 511 211 435 190 387 183 345 150
402 249 331 235 335 194 417 216 327 212 201 205 142 204 150 238 198 234 225 175 270 184
270 230 237 201 158 195 185 152 188 198 221 309 237 364 312 306 273 312 139 394 217 299
139 159 198 201 215 184 131 150 223 188 375 277 426 302 418 247 405 252 337 311 333 193
265 228 216 188 160 185 188 157 188 188 216 296 237 364 308 296 274 308 145 296 166 342
158 153 209 208 240 185 166 149 229 204 369 306 412 353 475 376 334 376 373 247 326 192
226 251 308 200 322 192 294 257 317 195 334 135 322 113 280 161 334 147 319 124 271 155
253 205 328 220 328 220 208 225 333 220 508 200 568 195 438 250 503 240 483 175 408 180
222 237 331 222 326 203 227 217 341 208 484 168 524 158 435 247 489 208 455 143 395 148
200 148 212 220 159 178 263 178 169 190 132 296 123 361 231 313 190 321 96 265 227 241
307 171 247 178 216 190 235 150 228 200 300 286 322 344 382 279 344 292 218 355 206 355
302 225 267 186 279 147 357 186 267 163 162 128 127 120 119 167 150 151 185 100 173 159
120 185 195 210 208 202 191 185 199 206 367 260 429 273 400 227 408 244 333 294 279 173
178 215 308 210 308 215 233 205 308 210 483 205 548 205 428 230 483 245 458 195 413 175
268 253 261 211 282 183 341 232 268 194 192 149 157 138 164 187 192 170 209 131 185 177
175 151 172 225 137 187 242 187 143 195 90 304 69 386 186 330 143 330 69 257 178 248
344 193 267 213 255 168 320 148 259 185 137 242 88 278 202 278 153 266 145 189 230 213
269 248 353 211 357 207 303 268 364 204 401 147 397 120 337 164 401 153 387 130 323 157
296 177 236 180 217 186 232 152 229 190 289 291 312 345 372 285 337 294 239 310 201 361
176 167 222 209 244 197 267 190 229 209 374 323 420 357 427 289 347 388 393 285 423 281
298 238 271 207 287 169 360 207 275 184 179 142 148 130 152 177 163 169 202 119 190 165
328 231 275 186 283 150 373 186 275 162 161 129 116 117 149 170 149 154 182 105 178 154
283 248 265 212 280 176 356 219 265 190 178 147 145 143 153 183 164 169 200 125 182 176
277 167 210 170 159 179 195 133 186 185 213 290 226 357 328 260 274 305 147 290 180 227
246 240 353 210 349 198 246 236 357 202 464 151 494 129 404 172 477 181 434 129 383 142
152 203 227 227 241 217 199 194 236 217 404 255 464 264 418 208 408 297 371 231 362 194
228 235 333 215 338 205 228 225 348 210 493 170 538 170 438 245 498 210 463 145 403 150
141 200 259 205 254 190 200 185 264 200 455 214 528 214 416 190 455 249 430 200 386 175
239 246 345 206 338 198 247 254 349 198 440 147 468 123 377 151 452 179 417 127 357 151
337 195 257 214 249 167 314 149 247 190 136 246 89 291 200 282 156 277 150 194 234 220
110 165 184 198 200 190 200 174 200 194 361 264 422 289 390 244 410 256 336 207 279 182
195 129 202 182 144 179 260 165 171 176 151 277 150 348 242 292 211 294 96 285 111 233
228 240 338 230 338 210 233 230 348 225 503 191 558 176 443 250 508 225 478 156 408 161
356 226 285 190 294 150 392 177 285 164 157 137 103 133 125 186 152 164 179 110 192 155
320 204 246 211 238 168 312 160 234 184 101 223 38 247 152 262 120 254 116 172 183 204
225 255 287 202 310 187 297 252 302 192 302 145 302 117 247 162 292 140 300 125 250 160
364 236 290 204 300 162 397 190 290 181 152 158 96 144 147 195 152 190 175 125 193 172
210 135 225 214 162 179 213 131 178 173 152 287 149 354 251 300 216 306 98 284 251 239
395 226 320 204 324 168 412 182 315 186 174 173 121 173 178 221 178 204 200 137 231 182
230 147 246 179 214 192 230 150 227 202 300 288 320 339 390 278 345 285 221 355 208 358
130 190 206 232 236 216 202 190 223 224 380 266 448 283 402 241 368 309 342 216 274 190
266 260 349 211 353 211 266 264 357 208 432 151 451 124 364 155 432 162 406 136 375 162
289 172 215 178 193 184 215 146 209 188 270 284 282 341 366 277 321 293 193 296 177 357
337 186 266 204 251 171 300 141 247 189 152 255 117 302 230 286 182 282 155 204 252 223
180 167 218 212 259 197 259 185 255 204 376 317 414 355 444 272 342 381 406 287 436 276
320 194 245 210 241 158 316 146 241 174 118 218 66 246 169 257 134 246 138 174 209 206
273 261 347 206 355 209 273 265 355 206 425 150 436 124 366 154 428 161 403 135 380 161
240 240 351 205 351 201 256 260 355 201 438 150 453 126 374 157 449 173 410 130 355 153
400 228 322 211 322 172 408 181 318 193 175 185 114 185 184 254 179 215 197 150 236 189
336 190 242 234 251 177 352 182 247 190 147 247 109 287 217 280 178 275 159 193 245 219
271 225 214 198 161 191 187 141 184 198 221 305 237 368 341 275 281 308 141 395 144 368
298 230 268 195 279 161 359 199 268 173 172 134 138 127 138 169 157 157 195 108 180 161
265 186 245 193 176 189 193 148 203 193 241 303 262 358 355 279 296 303 172 310 203 289
129 163 247 189 205 189 197 167 226 193 374 264 428 298 399 243 411 252 336 302 336 193
228 247 283 195 308 180 300 245 298 185 283 138 270 110 240 163 275 143 285 120 240 155
161 160 217 204 240 192 248 180 240 200 371 315 411 358 474 382 331 378 387 279 422 275
276 253 262 209 284 179 350 227 269 190 188 150 156 139 170 187 192 172 207 132 185 176
136 194 212 223 235 199 197 180 231 209 410 242 486 251 462 313 410 284 377 204 330 175
332 189 274 212 247 170 347 185 259 189 155 250 124 293 236 277 189 277 163 204 255 220
389 229 308 202 313 166 407 184 304 184 164 171 111 166 160 220 164 198 191 135 214 180
255 210 339 220 339 215 246 215 349 220 515 196 569 186 442 249 510 235 481 166 412 181
372 208 285 199 285 159 368 168 285 181 148 186 78 199 175 247 157 217 170 146 219 186
178 216 313 221 313 216 233 211 318 216 498 211 558 201 433 246 493 246 473 186 398 186
254 249 261 201 275 181 333 232 264 191 189 146 155 140 162 184 186 167 206 129 179 177
162 159 215 200 227 184 154 151 248 192 379 290 432 319 420 254 403 258 334 311 354 209
247 242 338 205 345 209 273 264 349 202 415 151 429 125 345 154 411 151 393 133 345 154
200 148 178 244 154 188 206 148 163 200 95 299 73 358 185 324 144 321 89 238 194 244
332 206 250 210 242 166 320 162 242 186 101 221 38 241 148 264 120 253 120 170 183 206
260 242 346 204 354 202 292 265 356 205 405 146 404 121 337 157 410 159 385 131 330 154
352 218 286 185 298 144 389 173 286 160 161 123 116 119 153 156 157 156 190 98 195 148
228 239 345 225 335 206 228 239 349 216 476 164 509 145 537 202 485 202 443 141 382 145
231 245 343 222 338 200 235 240 347 209 468 164 504 146 424 213 482 195 446 137 388 150
233 219 333 219 328 214 223 219 338 219 518 194 568 189 438 244 508 234 483 169 408 184
258 147 230 218 201 182 312 186 219 189 113 285 91 335 216 307 166 299 123 225 226 235
153 160 214 197 223 184 219 164 235 192 379 283 428 316 428 238 408 258 334 312 313 188
238 252 332 204 338 201 298 264 341 198 368 138 362 110 305 159 365 150 347 126 305 153
158 154 212 204 239 181 247 173 239 196 368 302 419 345 477 368 341 360 376 243 325 193
329 230 276 189 288 152 378 185 276 164 148 128 111 115 128 181 148 160 177 103 173 152
251 254 292 205 317 188 329 249 307 195 275 139 255 122 236 164 273 156 282 124 243 161
320 196 240 212 240 161 316 149 237 177 114 220 62 244 165 256 134 248 134 173 205 208
171 210 285 210 285 195 216 200 289 205 477 205 536 200 551 269 467 240 442 195 398 181
244 258 287 205 308 187 328 250 295 195 257 139 237 126 217 169 255 157 267 124 239 162
232 258 342 206 351 206 303 267 358 203 384 138 390 122 325 157 384 138 377 128 316 154
409 226 324 208 329 168 422 182 329 190 182 182 129 177 191 235 187 213 209 146 245 186
230 258 269 205 291 188 314 250 280 194 236 135 216 121 194 166 230 155 250 124 216 160
279 180 241 186 194 186 207 133 213 183 257 280 282 349 363 280 316 289 188 286 313 286
386 230 302 212 302 167 391 181 297 190 158 190 96 198 172 252 163 216 181 154 221 194
241 264 248 207 273 189 327 243 259 196 180 146 147 135 151 182 183 160 201 128 169 175
236 246 286 195 304 180 306 243 297 189 282 136 256 114 240 160 275 147 280 121 240 156
146 195 243 218 261 195 206 181 257 209 427 232 491 241 445 172 418 269 386 214 372 181
228 256 265 194 281 180 310 242 276 186 225 129 200 124 186 160 245 127 234 121 200 160
247 240 340 204 340 204 276 262 348 201 408 147 412 118 340 154 416 161 380 133 340 154
277 252 262 215 281 181 348 226 262 193 180 152 146 144 146 185 161 181 199 129 184 178
243 254 264 201 285 187 328 240 275 190 211 137 182 123 182 176 200 158 221 126 182 166
272 163 204 163 156 166 190 135 178 169 175 288 184 356 300 254 249 305 127 279 141 237
227 256 260 208 281 187 314 241 269 193 218 133 200 121 179 172 206 154 230 118 188 163
240 256 257 206 279 185 325 242 265 192 193 142 161 128 158 178 186 160 211 125 183 167
236 233 343 233 347 213 236 228 357 223 517 194 565 184 444 252 517 233 478 160 415 175
256 212 344 217 339 222 241 222 349 222 510 198 559 183 594 256 515 232 481 163 398 198
354 203 274 207 269 161 350 161 269 178 126 207 62 220 159 254 143 241 143 161 202 195
233 259 341 213 347 210 305 272 354 207 380 148 373 119 321 161 383 161 364 132 311 158
227 255 287 201 306 186 296 253 299 193 287 141 277 115 239 160 277 148 291 124 242 160
247 255 250 207 270 184 325 232 257 194 182 142 150 132 157 187 173 161 202 126 179 174
374 204 283 200 283 161 365 165 283 174 140 196 75 213 170 248 153 222 166 157 213 191
227 251 311 204 323 201 289 257 323 198 332 133 336 108 277 167 329 149 326 124 277 158
118 175 193 204 197 195 123 175 201 208 362 261 416 286 387 237 383 249 329 299 275 179
249 236 336 202 346 205 281 264 346 202 405 146 408 122 332 157 408 157 384 132 329 150
183 167 213 219 242 193 257 186 227 216 365 316 413 367 479 386 339 386 372 245 335 201
358 219 298 184 306 145 393 176 293 158 168 128 120 124 163 158 163 158 194 98 202 150
382 234 299 206 308 169 405 188 299 188 160 165 95 160 165 202 160 193 183 132 202 183
123 180 189 209 201 192 131 176 201 205 359 263 421 283 408 201 383 250 330 213 272 180
227 235 343 221 338 202 227 231 352 206 478 168 512 139 551 211 493 197 444 139 391 144
138 195 219 231 237 218 197 200 228 222 395 263 467 276 422 245 413 272 354 227 345 200
333 193 256 205 248 157 321 145 252 177 124 225 71 258 184 266 144 254 140 181 212 209
145 201 257 206 248 201 213 186 262 211 448 225 511 230 355 176 438 255 418 225 375 186
290 187 274 193 208 190 224 147 224 190 277 305 297 348 333 223 327 296 208 362 198 362
240 251 289 201 310 185 317 246 301 194 273 138 249 119 235 162 268 147 282 122 235 159
244 238 349 198 349 194 248 250 357 194 454 145 482 125 373 145 466 177 421 121 365 141
150 150 209 205 233 178 240 170 236 194 375 296 430 332 426 257 339 336 367 229 256 186
151 202 269 202 269 192 200 188 274 197 461 202 530 202 377 168 456 232 441 202 397 168
241 246 352 220 344 203 241 246 352 211 464 160 499 138 529 186 477 190 438 134 378 151
134 202 219 242 233 220 174 197 233 229 395 260 467 274 390 233 390 305 354 229 296 188
234 257 260 203 282 184 316 241 269 191 209 134 190 121 171 178 200 156 222 121 181 162
228 251 295 202 311 192 292 256 305 194 311 136 308 109 262 165 332 152 305 125 262 157
140 200 252 215 247 194 199 185 259 206 447 217 515 224 364 180 438 254 418 195 379 180
154 195 250 214 250 200 212 185 260 210 434 224 502 239 468 214 429 268 391 205 352 171
382 217 288 204 293 162 378 175 288 187 148 187 84 196 169 239 156 213 173 149 216 187
329 264 256 238 273 190 364 225 260 212 134 190 87 173 169 238 134 221 160 151 186 186
221 217 313 219 306 204 208 230 319 211 456 183 491 181 400 230 460 211 424 156 372 162
225 225 305 238 283 221 190 234 305 229 439 207 483 194 488 243 456 234 412 172 350 181
389 274 328 290 314 247 368 239 321 271 198 305 157 331 245 341 212 338 212 258 293 246
365 258 279 254 287 205 375 217 281 230 140 228 85 219 67 267 149 258 162 186 215 208
240 253 308 204 325 213 288 264 328 201 371 156 382 158 311 167 380 170 340 138 297 167
371 268 292 277 288 233 370 232 276 266 149 284 93 294 216 325 144 325 171 234 240 250
236 208 285 229 292 204 221 204 299 219 440 222 493 226 461 268 437 254 412 183 359 183
272 240 253 218 276 178 350 226 261 196 179 148 142 148 172 185 165 178 202 122 198 166
372 260 280 255 289 205 386 223 285 232 146 218 86 209 188 269 160 255 169 177 215 205
396 276 337 291 331 259 367 241 334 276 220 309 181 341 290 338 240 341 231 265 305 250
387 269 325 281 309 244 371 234 306 269 191 300 153 322 212 343 194 346 215 253 284 237
237 191 298 222 291 191 240 184 302 211 434 214 488 226 403 249 426 249 407 180 356 172
250 261 278 215 306 194 336 252 292 199 253 143 225 127 213 180 243 169 269 125 239 160
195 242 280 201 298 216 206 260 295 205 357 142 346 165 302 179 331 153 387 165 346 194
260 260 319 212 330 199 327 267 330 204 347 147 327 119 282 171 354 158 325 130 284 158
270 260 284 218 308 191 356 247 294 199 238 138 209 130 209 183 230 170 257 122 238 164
210 192 273 219 273 192 218 192 277 212 424 219 476 223 464 283 420 251 396 180 341 172
377 273 290 298 298 240 373 232 294 273 173 294 119 311 128 361 173 331 190 248 265 244
253 258 289 211 312 190 334 254 298 198 263 141 236 134 223 175 255 164 283 122 248 158
245 257 287 211 308 193 322 257 303 197 276 147 252 130 241 170 272 164 287 126 254 159
373 265 281 269 285 225 373 221 276 247 144 252 86 252 210 278 148 282 170 207 228 229
365 267 281 287 281 236 365 228 281 267 158 283 102 299 234 311 162 323 178 236 242 247
384 274 298 298 302 241 372 237 298 274 175 303 130 319 248 327 171 344 199 253 273 249
249 251 320 201 325 201 301 260 332 199 355 149 344 128 365 206 369 166 329 130 296 159
209 221 299 208 303 213 209 247 303 208 414 174 457 161 337 170 436 187 393 157 380 230
225 219 309 228 301 205 203 223 309 214 451 201 495 197 486 241 455 232 424 166 367 170
368 264 273 264 273 214 368 219 269 241 134 241 75 246 192 273 138 273 156 196 215 223
307 272 254 240 275 195 360 236 263 215 149 179 101 171 157 224 145 211 177 147 190 191
213 244 298 212 310 224 213 260 310 216 407 159 431 139 326 175 391 159 391 159 338 175
261 262 279 218 308 198 347 249 292 203 240 143 209 133 209 187 235 166 258 122 232 166
303 258 270 225 292 188 370 229 277 203 180 165 147 151 173 199 173 191 203 132 210 173
242 175 291 220 302 178 253 163 306 205 427 212 480 212 370 258 423 254 397 171 340 156
228 242 299 202 311 202 259 258 318 199 358 153 364 132 345 205 373 172 330 141 268 172
218 206 274 227 269 197 210 197 278 214 431 218 482 223 422 257 427 248 401 184 346 172
217 221 297 228 289 215 189 232 304 219 441 202 485 194 472 241 449 230 413 170 352 175
222 225 310 233 297 212 191 238 314 220 450 198 485 185 485 233 459 225 415 168 358 176
364 264 268 264 272 220 369 220 268 242 136 247 79 247 193 273 136 278 158 199 215 225
311 263 245 241 263 188 355 228 250 214 126 188 87 170 157 232 126 214 157 148 184 184
378 263 302 282 299 236 370 231 294 262 166 285 112 299 239 314 170 316 185 238 253 243
248 186 305 215 301 195 240 186 305 203 440 215 493 223 452 272 428 252 415 195 366 174
256 258 310 211 326 197 319 267 330 202 351 147 346 132 287 175 360 168 326 132 285 163
210 221 303 229 299 212 214 217 311 221 447 221 498 221 379 195 447 246 422 187 379 178
373 248 281 243 285 202 382 211 281 220 142 225 91 206 193 271 147 257 165 174 211 206
251 260 306 216 326 201 326 265 322 205 319 155 284 131 273 168 339 148 313 131 267 164
352 264 269 242 282 198 374 225 273 225 137 203 84 194 67 234 137 238 163 168 203 198
250 256 301 214 315 199 324 260 309 206 296 147 259 132 256 172 284 153 301 128 263 159
269 250 256 216 279 185 344 229 262 199 184 148 150 138 167 189 177 168 211 124 208 165
400 279 334 293 331 258 369 247 331 279 220 310 179 347 291 327 237 347 231 264 306 253
254 261 277 217 300 197 336 248 287 204 242 143 208 133 211 184 239 164 254 125 231 164
271 262 271 221 296 196 346 243 280 206 221 146 187 137 196 174 218 168 237 127 224 168
205 228 298 215 298 215 205 253 302 211 412 173 454 160 332 169 429 194 391 156 349 160
374 267 292 267 288 224 383 228 288 250 149 254 93 259 205 293 158 289 175 215 231 233
271 258 280 216 305 191 356 244 291 202 227 138 199 129 201 183 224 166 249 118 229 163
218 224 310 228 305 211 200 237 314 220 454 193 489 189 485 233 463 220 419 167 367 167
203 247 297 210 305 217 207 258 305 210 384 161 417 168 320 176 357 161 357 157 327 172
272 261 266 222 292 196 347 242 279 206 214 151 181 141 194 177 217 167 233 132 220 171
397 274 306 298 310 239 374 235 306 274 183 302 140 318 259 318 187 342 207 254 282 243
295 255 263 220 288 184 363 227 270 198 178 156 142 145 167 195 167 188 202 124 202 170
214 232 305 211 309 228 210 257 309 220 420 154 445 145 329 174 387 158 429 170 350 174
242 178 300 221 311 182 257 171 315 205 435 221 489 229 381 260 423 256 404 178 354 163
245 253 317 203 334 209 295 261 334 200 370 150 367 142 309 164 378 164 339 134 300 164
203 226 308 209 299 205 208 239 308 205 430 174 465 165 386 239 438 200 395 157 360 161
367 268 276 285 281 231 363 231 276 264 149 285 96 293 231 313 154 326 170 236 236 248
269 256 259 220 288 194 347 239 272 203 200 151 174 141 190 174 190 177 223 131 213 171
226 186 287 222 291 190 230 174 291 210 432 210 485 214 384 259 424 250 400 182 343 165
195 242 281 207 285 211 216 256 288 207 347 149 319 100 285 173 375 166 323 142 285 176
395 280 335 297 330 260 370 246 330 283 216 317 179 346 290 334 239 346 230 269 301 255
252 251 316 198 328 201 302 260 333 196 364 151 371 136 378 203 378 165 342 134 306 158
301 269 268 239 286 198 365 235 271 213 166 172 132 160 166 228 162 205 193 145 204 179
223 216 318 216 309 202 205 229 318 207 448 184 488 180 412 234 457 211 417 153 372 162
196 243 275 203 293 218 218 257 290 207 347 146 336 99 286 178 318 160 372 160 279 193
224 215 292 223 297 215 216 210 305 219 445 223 496 227 377 193 441 253 411 189 373 185
213 245 296 209 292 206 243 262 302 206 362 159 365 140 332 202 372 186 335 140 289 163
377 275 285 275 290 231 381 235 281 262 150 275 89 270 215 305 145 310 176 227 241 244
378 275 288 284 292 229 382 233 288 258 152 284 97 284 88 339 148 318 178 237 241 250
237 170 290 223 301 177 249 162 305 204 430 215 475 219 373 257 422 257 396 174 335 155
395 276 338 288 330 254 378 240 330 273 220 310 180 341 288 336 240 344 228 262 307 251
396 280 325 300 318 253 376 246 318 283 207 310 170 334 231 361 210 347 221 259 298 253
253 258 277 214 302 195 335 251 289 200 243 139 212 127 207 178 234 161 260 122 234 161
376 266 280 262 285 212 381 221 280 239 139 239 84 230 194 271 148 271 162 198 226 216
364 258 277 244 282 203 373 212 277 226 140 221 90 212 190 262 154 253 158 180 209 203
236 175 303 223 307 191 244 171 315 203 441 211 497 207 386 254 433 246 406 191 362 168
246 260 278 217 303 197 332 256 289 204 255 140 226 134 212 177 246 163 274 122 240 159
197 241 279 209 283 211 217 259 285 209 365 156 367 138 298 166 376 180 334 142 291 162
369 267 288 249 293 204 391 227 288 227 149 213 95 200 194 258 158 245 172 168 216 204
248 258 286 216 310 191 331 256 295 201 276 142 244 131 234 174 270 161 289 123 255 157
244 256 340 208 316 197 306 266 328 199 349 144 328 125 285 170 361 163 323 132 287 158
224 217 316 225 307 208 202 234 316 212 456 190 495 186 487 221 465 217 425 164 368 164
207 224 316 220 298 206 203 233 316 206 434 183 480 179 402 238 452 210 407 156 343 161
375 263 287 249 292 212 394 226 287 230 152 216 96 202 189 263 156 249 175 174 217 207
242 256 291 212 310 196 320 256 299 204 285 148 256 132 246 177 279 159 289 130 242 169
231 247 308 205 317 208 273 262 323 202 367 155 361 137 296 167 373 179 332 140 284 167
395 282 330 300 322 259 368 250 319 282 217 320 179 340 290 352 243 343 231 268 304 273
233 218 303 220 297 208 210 218 309 214 454 204 500 202 492 247 454 237 429 179 376 168
308 268 252 238 269 191 359 229 256 216 137 178 94 165 145 225 132 208 167 144 188 186
339 266 261 245 274 202 369 223 265 223 136 197 85 184 72 227 136 232 162 159 192 197
201 247 280 209 280 213 222 264 287 209 359 161 359 137 329 202 370 185 325 144 284 161
405 282 337 298 327 256 379 246 324 279 216 315 180 337 304 347 239 341 232 266 307 272
241 211 308 222 304 208 222 218 312 214 453 212 498 212 407 247 452 241 425 182 367 175
403 282 335 300 329 254 372 248 323 282 218 315 184 346 301 340 231 346 234 266 311 275
226 244 297 205 301 205 255 257 310 202 365 153 362 134 320 186 375 176 333 140 291 160
