327 263 356 290 314 290 280 263 339 289 350 200 350 145 367 256 379 218 320 219 296 261
357 256 339 278 302 279 307 258 321 278 314 185 313 128 368 236 346 203 284 207 272 235
377 326 282 310 307 274 374 291 288 291 231 182 228 109 247 283 225 212 242 193 266 226
357 331 277 296 306 275 368 301 287 280 242 184 247 119 239 267 229 208 261 192 279 229
394 302 303 299 317 258 380 269 298 280 246 167 243 90 273 269 249 200 249 181 276 211
320 253 341 285 307 288 282 274 324 284 324 195 323 138 368 244 357 213 294 216 278 250
397 281 313 289 305 267 372 247 302 273 246 158 246 74 297 261 269 194 235 183 263 208
348 315 309 271 341 261 387 303 323 259 301 176 304 127 272 234 277 191 323 188 338 220
317 283 294 241 323 237 358 274 309 235 294 159 294 117 263 208 269 173 315 171 329 202
272 306 342 336 312 340 242 330 332 338 359 239 351 177 359 287 380 255 336 264 308 315
358 311 308 265 337 254 390 290 321 254 299 167 299 117 269 229 276 183 319 179 335 213
331 268 341 235 367 235 372 274 355 233 359 172 360 137 327 205 338 183 379 184 388 209
395 280 323 290 291 294 363 253 303 292 259 174 256 102 321 269 289 206 240 204 273 248
327 290 332 258 357 260 368 290 344 256 346 199 347 167 319 231 325 207 366 209 374 233
380 309 288 304 304 263 372 277 288 282 234 174 226 99 259 274 232 207 237 185 264 212
246 309 303 324 299 343 218 337 308 339 338 236 333 174 331 290 350 254 325 266 297 316
303 280 284 238 313 234 343 272 298 234 284 157 284 117 252 206 258 172 307 170 320 200
237 316 290 308 298 336 217 343 298 319 346 229 344 172 325 268 353 249 342 253 314 314
353 312 306 267 338 257 388 297 324 257 299 168 301 118 272 232 276 185 321 183 336 215
286 267 350 301 320 307 263 283 335 301 362 208 360 152 364 252 386 221 337 228 311 274
391 236 328 257 297 257 343 224 311 255 284 140 280 71 336 221 311 165 263 163 286 207
288 277 357 312 325 318 264 296 342 314 368 218 366 159 371 268 388 235 344 239 316 287
393 245 348 264 313 266 327 234 327 264 306 163 304 107 359 234 336 183 283 183 308 216
318 292 323 259 346 259 356 292 335 257 337 200 338 169 309 231 317 208 356 210 365 233
232 307 285 284 308 301 245 330 299 288 344 206 344 161 308 246 325 212 356 229 348 277
319 250 340 282 306 287 281 276 322 281 321 191 319 133 369 241 354 210 289 211 273 246
360 318 308 270 339 261 391 297 322 261 296 168 296 120 267 237 272 187 317 180 329 218
392 245 354 273 321 270 345 240 337 270 319 178 319 126 371 240 352 197 297 195 316 226
324 273 310 235 338 231 366 269 324 231 314 159 314 119 282 199 290 171 336 171 348 199
348 266 352 231 378 232 389 266 366 231 370 169 373 136 338 203 348 178 389 182 398 206
316 280 326 246 350 246 355 281 339 245 341 189 343 156 312 220 322 197 361 199 368 221
399 280 315 288 313 251 372 248 302 281 252 161 251 83 300 266 272 195 235 189 270 234
307 275 333 296 294 298 263 269 310 296 320 207 319 151 349 264 352 226 291 227 268 266
312 267 331 293 295 294 271 274 312 292 320 204 319 149 356 258 353 222 290 225 270 261
277 275 312 250 337 259 307 285 324 252 351 187 352 150 316 219 330 192 367 205 368 235
276 275 289 242 314 243 316 278 303 242 308 182 308 150 279 215 288 192 328 193 336 218
228 312 287 295 300 319 222 338 300 303 344 214 342 161 315 251 335 225 348 242 324 297
305 281 328 252 351 256 339 286 339 252 352 192 356 159 323 223 334 199 372 204 377 230
342 334 272 296 299 274 359 304 280 280 237 182 239 125 229 266 218 207 256 193 272 234
223 313 282 295 293 318 216 340 295 304 340 216 340 162 313 250 329 223 347 241 327 295
272 294 316 269 341 282 293 311 330 271 368 200 372 160 330 234 349 206 383 221 379 261
283 275 317 248 341 257 313 284 329 250 352 185 354 151 319 219 330 194 368 202 371 233
307 267 368 298 327 303 281 277 351 299 366 204 368 151 375 260 394 221 337 228 310 272
346 267 352 231 377 233 386 265 364 231 370 169 371 135 338 201 346 178 389 181 398 206
315 259 340 283 305 290 311 260 322 284 316 190 316 131 368 236 351 207 284 214 271 242
398 247 354 268 321 270 338 240 334 267 318 171 316 115 369 240 348 191 292 191 316 225
346 307 308 262 340 255 385 296 324 255 306 172 308 124 277 228 283 185 331 183 344 217
281 283 319 256 344 265 308 293 333 257 358 191 362 155 326 223 338 198 374 207 376 243
294 280 322 251 348 256 327 286 336 253 354 189 356 155 322 221 334 197 373 202 376 231
251 309 319 337 300 345 221 334 310 339 340 241 336 175 340 292 361 258 321 264 296 315
398 250 326 271 301 274 373 233 309 267 280 147 278 79 335 238 307 178 261 176 286 223
316 261 340 292 302 298 276 270 322 292 323 201 321 144 362 253 356 219 292 221 274 256
338 289 312 247 340 240 378 281 325 240 310 164 312 120 278 213 287 177 333 175 346 204
336 268 344 235 371 235 376 272 358 233 362 172 364 137 330 205 341 181 383 182 392 209
350 257 337 275 301 275 316 258 318 273 308 181 306 127 360 237 342 200 280 202 275 237
332 267 326 232 353 230 373 263 338 228 336 160 338 125 304 198 311 172 356 173 366 200
374 316 278 310 298 269 366 283 278 291 226 178 221 104 248 280 221 214 234 192 262 222
290 290 346 330 325 330 262 312 339 330 373 231 371 168 379 285 396 245 350 253 319 305
298 283 325 253 350 260 332 290 338 255 352 193 355 159 322 225 332 199 370 208 377 233
289 286 328 259 354 272 312 298 342 261 373 196 377 153 336 228 354 201 389 212 388 249
341 270 334 234 361 232 384 266 347 232 341 162 341 124 307 201 318 172 363 172 372 199
292 270 353 299 321 304 268 280 338 300 362 205 360 146 367 251 385 221 334 226 307 273
396 269 321 284 296 281 374 246 303 279 266 168 261 93 323 254 293 196 246 196 276 241
375 334 286 310 310 279 375 300 291 289 234 184 231 119 244 281 226 216 249 197 273 229
368 331 283 299 307 275 375 299 289 283 241 181 241 115 241 273 228 209 257 188 278 231
317 279 335 249 360 253 353 285 348 249 358 190 360 157 327 223 339 198 378 202 385 226
419 290 329 293 327 268 395 255 318 276 267 159 264 77 305 268 280 192 256 181 283 214
319 273 327 238 353 238 358 274 341 237 344 175 344 141 314 209 322 186 365 187 373 209
367 329 310 283 341 268 395 309 326 270 292 176 292 124 269 247 272 196 313 186 323 224
312 262 340 292 303 293 268 262 324 290 331 203 330 146 356 258 359 217 303 219 278 261
339 268 346 233 372 235 379 269 360 233 364 170 365 137 332 203 341 179 383 182 392 207
261 302 307 278 329 290 279 322 321 280 363 206 365 162 327 242 343 210 377 226 371 270
398 260 324 278 296 278 371 240 308 276 272 154 272 86 328 244 299 183 254 181 281 228
268 269 281 234 306 236 308 271 293 234 297 176 295 143 268 209 276 186 317 187 325 211
283 290 325 264 350 277 307 304 338 268 376 199 379 157 336 231 356 204 390 217 387 255
388 245 353 272 320 272 344 240 336 271 319 180 319 129 371 240 351 199 295 201 313 231
286 278 317 254 342 259 318 286 330 254 350 189 352 155 318 222 332 196 367 205 371 235
320 267 317 232 342 232 361 265 330 230 328 164 330 129 296 200 306 175 348 175 357 202
330 288 337 254 361 254 368 289 349 252 353 196 355 164 324 229 331 205 372 206 380 230
317 278 338 250 362 254 353 286 351 250 362 192 364 162 332 221 345 199 382 204 388 229
299 278 315 246 340 247 337 282 328 244 335 185 335 154 306 219 315 195 355 198 363 221
348 257 338 280 303 277 315 259 320 276 312 181 310 129 364 236 343 202 282 204 273 236
249 304 298 279 319 294 265 327 311 283 356 207 360 160 321 246 337 213 370 228 362 273
379 242 347 272 314 275 347 239 329 270 318 186 316 134 368 242 348 202 290 204 297 239
394 244 329 262 298 267 371 227 311 262 284 144 282 76 338 229 311 173 263 169 286 215
393 251 353 277 319 274 345 241 334 272 317 180 312 124 371 242 348 197 292 197 310 232
389 236 335 256 300 256 369 222 314 254 288 143 288 81 341 220 316 165 264 167 290 206
344 336 279 298 306 278 366 308 290 281 249 183 251 123 235 262 229 207 270 191 281 229
234 312 290 294 303 318 225 336 303 303 350 217 350 161 323 256 344 229 353 244 328 303
340 267 344 232 368 232 380 267 356 231 359 168 361 136 325 201 335 177 378 181 387 205
305 259 365 292 324 295 282 269 347 292 360 201 360 148 376 256 387 217 329 224 305 266
222 318 280 292 297 316 224 342 297 299 340 212 338 163 308 255 325 221 351 240 334 290
291 271 302 239 327 239 330 273 315 237 316 181 316 149 290 214 297 190 337 192 344 214
220 312 276 283 299 306 224 334 291 292 336 208 333 157 299 249 317 216 348 232 331 281
375 250 348 272 312 274 336 250 330 271 319 189 317 133 372 245 351 204 290 205 300 242
326 268 326 234 351 234 367 265 338 232 338 168 340 134 306 204 317 177 358 179 369 205
297 271 364 301 324 307 276 284 347 303 366 209 366 153 370 261 391 225 338 231 309 277
225 315 286 291 303 315 225 340 301 300 346 212 344 163 317 253 333 219 355 241 337 291
421 293 348 301 322 304 383 266 328 300 278 183 279 106 336 278 307 211 259 211 289 255
241 313 293 317 293 338 217 341 299 328 340 237 334 177 329 274 353 257 331 263 303 317
365 239 343 273 303 276 317 253 323 271 312 186 311 132 364 240 344 203 283 205 288 245
425 295 343 297 338 270 393 266 326 295 280 173 282 98 330 275 301 207 263 205 289 244
346 298 315 254 346 248 388 287 330 248 313 168 317 122 282 221 291 181 335 179 350 212
361 341 301 293 330 277 385 314 311 280 277 182 279 127 256 262 256 204 298 193 314 230
237 316 294 299 309 334 222 345 307 312 351 227 348 168 327 260 348 240 351 253 324 312
409 297 319 295 324 267 392 265 310 278 259 164 256 82 291 270 267 196 259 180 286 210
390 239 336 257 306 257 375 226 319 253 295 153 295 91 347 224 325 172 272 173 297 211
222 309 276 282 300 301 231 331 290 288 335 208 335 160 298 247 317 216 346 231 336 278
271 228 302 197 333 201 329 232 319 195 314 112 312 66 279 158 288 124 346 124 358 164
293 263 291 231 320 231 351 265 305 231 312 150 316 106 266 198 282 161 337 167 345 202
257 230 296 203 327 207 316 234 311 203 313 113 309 64 278 163 289 125 345 127 358 172
295 294 312 265 341 265 358 298 327 263 331 186 333 144 289 232 304 196 358 200 366 236
418 303 347 321 305 317 359 281 326 314 347 168 357 114 390 267 373 201 305 192 307 248
411 307 303 286 294 277 387 268 294 277 303 131 315 65 315 244 297 164 288 155 303 211
387 290 295 290 265 293 345 278 274 287 271 124 283 49 313 243 289 156 233 153 244 225
242 211 296 190 330 199 289 226 312 190 323 94 316 42 285 145 298 107 352 112 357 163
288 223 300 191 330 191 348 223 316 189 314 109 312 64 276 159 286 121 342 121 354 155
292 251 357 280 317 280 259 262 344 278 341 152 341 101 359 226 371 175 317 179 288 233
345 286 317 250 350 250 395 284 334 247 340 155 350 107 297 213 311 165 361 174 368 213
411 307 294 283 291 271 393 268 291 274 306 128 312 62 309 241 294 158 300 152 312 208
320 257 349 286 309 286 268 259 328 282 336 163 338 114 367 236 367 188 299 186 274 238
244 210 300 187 334 199 289 226 318 187 332 91 323 39 291 143 307 104 361 111 361 165
251 222 319 203 343 222 266 242 337 209 345 108 334 56 317 168 330 126 365 130 356 192
382 301 301 307 258 313 334 282 278 310 287 150 298 85 334 262 309 183 244 178 250 242
288 220 302 186 333 186 349 218 319 183 315 102 313 57 276 153 288 114 343 114 357 149
355 320 371 289 404 287 422 320 387 285 385 210 383 167 349 257 359 222 414 222 428 257
332 264 366 294 324 292 276 270 348 290 356 166 358 116 380 240 388 192 326 190 298 244
301 244 362 272 321 272 265 258 344 268 350 150 348 100 364 228 380 176 323 176 297 232
330 267 363 298 323 297 278 273 346 295 352 170 356 123 377 246 383 195 321 195 295 246
260 227 302 203 333 205 315 236 317 198 324 108 317 59 284 159 297 121 352 123 366 170
366 308 279 308 237 311 315 281 252 311 252 147 261 72 300 263 273 180 211 177 223 248
371 288 312 248 344 243 409 275 325 240 333 138 347 84 298 210 306 157 352 157 360 202
388 286 293 289 263 292 340 271 272 283 269 116 281 44 311 241 284 152 230 146 239 220
391 310 292 274 313 262 391 280 298 262 304 137 316 74 298 238 289 164 313 161 325 211
383 307 300 307 265 304 341 283 279 307 276 145 288 80 318 263 294 177 238 174 247 242
253 224 320 205 347 222 271 242 338 210 350 106 338 53 315 166 331 122 370 132 361 189
317 275 304 242 334 242 372 273 319 240 325 156 332 109 281 206 296 164 348 172 357 208
253 218 302 196 334 200 302 228 319 193 326 104 319 53 286 154 299 117 354 119 361 167
393 286 283 280 257 277 338 260 265 277 263 109 268 34 300 237 277 147 231 135 242 216
286 258 347 275 323 275 253 269 343 277 347 154 347 106 358 227 369 176 332 183 307 238
267 231 343 234 354 250 263 256 354 240 363 131 359 76 338 190 357 149 375 156 357 215
400 280 347 304 302 300 354 267 322 298 336 162 342 108 383 251 365 193 298 184 289 238
277 246 336 259 311 261 248 263 328 261 342 148 338 96 351 223 363 171 330 173 307 229
248 213 301 189 333 196 296 222 316 189 325 98 318 48 288 146 298 108 353 113 359 161
283 262 352 281 343 288 260 290 352 283 357 172 352 118 359 239 373 190 352 195 331 255
290 229 300 193 330 193 352 227 314 191 314 113 312 72 274 165 286 127 340 125 354 161
362 294 328 252 362 252 411 289 344 248 355 158 364 109 309 218 325 169 376 179 381 220
382 299 297 294 265 291 338 276 277 291 280 133 288 66 318 253 297 168 236 162 245 232
276 218 295 182 327 182 337 216 312 180 310 97 306 50 269 146 282 107 340 109 352 148
240 221 298 198 331 212 270 237 317 200 331 104 319 53 294 160 308 118 357 125 352 181
325 317 340 288 372 288 390 321 356 286 354 209 352 168 317 256 327 223 382 221 394 254
250 219 317 207 340 230 257 242 333 216 347 108 338 52 319 170 336 126 366 133 350 193
380 297 294 291 265 288 337 274 276 288 276 133 285 64 317 251 297 167 236 162 242 231
384 301 295 301 265 298 339 281 277 298 280 138 289 67 319 254 298 171 239 165 247 233
268 268 329 274 331 283 248 290 336 279 345 167 340 118 340 234 354 187 345 192 324 250
235 227 298 212 331 229 257 248 319 215 329 111 319 58 295 169 310 128 353 133 346 193
263 228 297 198 329 203 322 232 314 196 314 112 310 67 276 160 286 124 344 124 356 167
323 261 361 287 317 287 264 264 344 285 346 158 348 105 365 230 378 181 319 183 289 240
273 224 300 191 333 195 333 228 316 191 314 107 312 59 277 154 290 117 345 119 358 158
308 269 302 239 330 239 364 269 315 237 321 154 327 111 276 203 291 164 344 171 353 205
397 285 351 310 307 306 349 272 326 304 340 169 349 118 387 257 370 198 302 190 292 243
303 308 318 277 349 279 366 313 332 277 334 201 334 160 295 246 308 213 361 213 374 248
321 259 352 286 313 286 270 263 335 282 339 161 342 114 370 235 370 186 305 184 282 235
371 287 307 252 342 247 403 274 321 245 326 136 337 80 294 213 299 154 344 157 352 202
227 228 290 207 325 224 255 247 311 212 320 111 309 60 285 167 299 128 346 132 339 191
284 266 353 282 339 286 259 284 350 284 355 168 353 118 369 239 371 189 346 191 323 250
399 304 292 286 277 280 379 262 280 277 289 122 304 50 307 241 289 155 268 146 283 211
264 263 326 265 333 274 246 287 337 269 346 160 346 109 328 222 346 180 353 185 333 243
407 310 291 287 292 277 384 272 287 275 298 131 311 62 305 249 289 161 292 156 302 214
316 258 343 287 301 285 267 254 322 281 330 161 336 113 366 241 362 188 294 184 265 237
296 266 302 233 331 233 359 268 317 233 323 153 327 109 279 201 294 163 348 167 359 203
383 289 298 286 269 289 339 271 280 283 277 128 289 60 318 245 298 163 239 157 248 225
246 211 302 189 334 202 284 229 318 191 332 94 325 42 298 146 309 107 361 114 361 168
266 242 338 244 342 257 259 266 344 251 357 142 350 89 333 200 355 162 365 166 346 225
399 289 313 292 278 295 358 277 290 289 301 129 313 64 343 245 322 165 257 159 263 227
304 260 370 281 334 279 265 268 355 281 359 159 357 112 372 236 385 183 338 185 312 241
379 298 292 298 259 295 331 280 271 295 265 137 274 68 310 253 286 170 226 167 235 235
371 301 287 304 248 301 323 280 266 304 257 140 266 71 302 259 278 173 221 170 230 238
404 304 293 281 285 272 385 263 286 274 294 127 304 60 308 246 293 162 276 152 291 214
246 215 303 191 334 204 281 233 320 193 334 101 325 48 298 154 312 114 360 119 360 176
288 262 290 232 321 232 349 266 305 230 311 150 315 105 264 200 281 162 336 167 345 202
418 325 345 343 304 341 357 308 322 338 337 183 347 127 383 290 360 216 294 209 291 267
303 279 319 251 350 251 366 285 334 249 340 172 342 130 295 219 311 182 366 186 374 223
304 253 368 276 332 278 267 261 353 276 353 153 353 104 368 229 381 177 329 181 304 233
353 258 324 280 280 280 300 244 302 276 314 146 320 93 363 237 349 177 271 168 253 225
260 222 332 217 351 238 263 247 349 226 360 117 353 59 332 177 351 136 377 143 360 203
422 307 312 277 321 268 407 274 309 268 321 131 333 65 321 238 312 158 321 155 333 208
355 251 336 285 288 278 297 245 311 276 322 144 328 92 372 234 357 173 280 169 261 224
383 309 305 318 265 323 320 292 285 318 297 163 305 103 340 272 317 194 254 189 260 257
268 269 333 275 329 284 248 293 338 280 346 170 342 120 344 238 360 190 344 194 324 253
348 249 334 283 292 275 294 246 312 273 319 144 325 93 371 233 356 174 278 169 261 223
275 220 298 187 332 187 338 225 315 185 313 101 311 53 275 149 285 113 344 113 357 153
271 268 330 268 337 281 257 290 341 275 350 170 350 120 341 231 355 186 352 193 332 252
319 260 334 285 291 284 271 250 313 280 324 162 328 115 359 239 356 189 286 184 261 235
383 276 344 299 298 299 333 266 319 295 331 160 337 108 377 253 360 191 290 185 279 239
368 292 299 258 334 247 395 276 312 247 317 137 328 83 288 220 293 158 334 158 342 207
336 250 323 273 279 269 273 247 300 266 308 146 311 94 357 231 344 174 266 168 249 224
393 288 308 285 282 288 349 273 290 285 290 127 302 60 328 244 308 160 247 157 258 221
324 264 357 294 317 294 273 270 339 291 345 168 349 121 372 243 376 193 313 191 288 243
322 254 333 284 290 282 274 249 311 280 322 155 327 106 363 241 359 183 283 180 260 233
256 222 300 200 333 204 309 233 318 198 324 106 318 60 285 156 298 119 353 121 364 167
341 251 323 271 282 269 276 245 301 265 309 141 311 91 355 231 345 170 268 166 246 222
326 252 333 283 292 279 275 248 311 276 321 158 326 111 360 237 356 186 284 181 259 232
414 283 301 280 278 277 357 253 286 274 283 100 295 20 322 236 295 141 251 129 266 212
429 284 316 272 292 269 374 252 298 266 307 95 319 16 333 232 313 133 278 121 292 202
263 248 333 248 337 257 256 266 342 253 351 140 344 88 331 201 351 163 358 165 340 223
400 320 320 333 279 333 336 298 298 330 317 175 325 118 360 282 338 210 274 199 274 263
398 281 350 306 306 302 357 268 325 300 338 167 344 116 385 255 368 197 299 189 293 242
314 262 338 287 296 286 268 254 314 283 325 161 330 115 362 240 359 189 288 185 261 236
256 257 325 250 334 262 249 274 334 255 344 146 339 92 327 215 346 167 351 170 334 231
426 321 355 335 310 333 372 303 330 330 350 180 357 126 394 284 374 212 308 205 305 264
320 274 302 241 333 241 373 274 318 239 325 152 329 105 278 205 293 163 345 167 353 205
404 282 318 282 292 282 361 259 304 279 304 119 318 48 347 236 324 153 261 151 270 216
345 321 362 290 393 290 412 321 376 288 374 209 372 168 337 257 347 224 403 222 416 255
301 264 370 279 333 282 265 273 357 282 361 161 359 112 370 239 387 187 342 187 316 243
279 258 342 272 323 272 253 274 336 272 345 158 342 110 355 230 364 178 336 182 312 241
325 280 303 244 334 244 376 278 318 242 325 153 334 106 281 209 296 164 345 171 354 209
383 296 298 293 261 293 338 271 278 290 272 131 281 57 315 248 289 165 232 160 244 234
375 296 333 256 368 253 420 291 348 248 360 156 370 106 315 218 330 168 380 176 385 218
241 215 304 202 331 226 254 240 324 213 337 105 328 49 308 166 324 123 355 130 344 191
342 299 252 266 280 251 360 274 261 255 265 132 270 68 248 227 241 157 277 155 292 206
280 218 297 183 330 183 343 216 313 181 311 99 307 51 272 149 282 112 341 110 353 147
362 262 328 286 281 284 311 246 305 282 317 148 326 95 366 240 352 179 275 170 261 227
372 307 291 304 253 301 324 280 267 304 265 146 273 77 309 262 282 179 226 176 235 247
303 270 315 240 343 242 363 276 329 240 335 163 339 121 291 208 307 173 361 180 369 214
419 310 314 277 332 265 416 280 314 265 329 137 344 71 323 238 314 164 332 161 347 211
366 305 279 308 238 311 318 281 255 308 249 144 261 72 297 260 270 177 211 174 220 245
376 292 318 250 355 245 415 284 334 242 347 145 357 92 307 213 318 163 365 166 371 208
349 255 331 279 292 277 278 243 310 275 320 148 325 96 363 236 355 176 278 172 256 227
405 287 347 311 298 308 349 271 319 306 340 162 347 106 384 257 368 192 298 183 296 236
349 306 252 271 274 254 359 277 258 258 266 135 274 71 254 233 244 159 275 158 290 208
379 297 296 260 330 248 402 274 307 248 313 134 322 71 290 220 287 157 327 154 336 203
273 270 336 275 341 286 257 295 345 279 357 170 354 116 343 232 359 188 359 193 341 254
269 240 334 217 368 245 286 285 360 225 385 109 354 58 337 163 360 121 408 143 374 211
290 105 290 79 279 79 278 104 285 78 286 32 287 16 296 56 295 40 275 40 270 57
382 103 385 77 375 76 370 100 380 75 387 28 390 12 395 55 397 37 376 36 368 53
262 228 302 197 337 200 349 235 318 197 326 98 314 60 276 150 297 112 356 112 363 160
278 232 340 208 383 227 332 262 364 211 388 107 369 53 329 157 358 115 417 131 399 187
359 275 326 279 274 282 255 237 299 275 288 144 284 81 362 221 340 176 239 177 230 230
267 230 321 202 359 212 346 256 341 202 356 96 341 50 300 149 326 111 389 113 384 172
420 290 317 268 334 251 409 287 320 254 298 118 312 52 331 221 287 160 309 146 334 193
354 272 285 226 322 205 391 231 300 213 281 94 293 26 274 184 250 121 307 104 331 152
261 237 328 237 345 264 244 287 345 250 367 122 353 55 325 183 348 139 378 164 331 223
267 229 333 207 371 229 306 267 355 213 380 103 355 56 325 155 350 117 404 130 380 193
285 253 308 216 348 216 375 251 327 214 324 124 322 89 278 177 297 135 357 133 373 174
259 229 304 199 340 201 347 244 320 196 328 101 318 56 278 153 297 113 359 115 363 163
402 287 297 264 314 244 382 233 299 250 279 104 294 33 314 216 262 147 294 130 322 181
283 245 359 275 315 284 229 282 344 284 354 139 337 60 379 208 399 154 327 183 293 233
369 229 310 266 255 260 308 223 281 260 266 115 264 47 347 203 305 157 222 141 255 190
310 229 355 276 297 283 241 249 327 281 321 133 310 64 361 208 370 156 278 171 250 231
332 258 292 205 329 192 393 226 311 197 292 78 306 17 269 165 261 99 321 89 343 142
259 264 336 275 310 280 219 288 331 277 344 139 320 67 358 208 381 155 334 181 294 235
401 285 296 266 313 249 379 234 296 254 277 107 288 39 313 217 260 149 288 132 316 186
270 240 316 212 355 217 358 259 337 212 347 108 337 59 296 160 316 121 379 126 381 176
262 243 360 274 312 286 228 265 341 277 339 133 327 63 358 205 382 152 307 176 274 224
305 234 361 284 315 294 231 260 341 289 337 135 325 65 356 205 382 154 298 178 257 238
271 229 325 205 372 220 335 257 350 207 372 106 350 59 313 153 342 116 399 128 387 180
264 240 316 211 353 219 350 260 335 211 348 106 337 54 293 161 319 119 382 125 382 179
266 238 313 209 349 215 355 253 331 209 342 105 331 56 290 157 310 118 373 121 375 173
316 244 347 281 295 288 251 243 320 280 311 136 307 71 375 207 360 163 265 169 246 226
379 262 297 287 258 282 302 255 275 285 255 125 265 53 329 223 283 171 221 144 258 208
409 110 413 83 402 82 396 107 408 81 418 35 422 19 424 61 426 45 406 42 398 59
299 249 291 194 333 188 388 230 311 188 305 74 313 16 260 149 269 91 341 88 358 144
269 230 328 208 375 223 328 260 353 211 377 105 353 64 318 157 345 115 404 127 389 184
266 232 337 216 364 246 269 284 359 230 380 108 361 45 334 167 356 124 405 143 356 211
375 243 303 281 253 270 305 229 280 274 260 123 267 46 337 209 298 164 219 146 253 188
254 261 336 275 301 280 211 288 325 277 339 134 315 62 362 214 378 153 325 179 283 232
268 237 338 234 363 258 260 288 354 245 376 118 363 53 330 180 354 137 398 153 346 221
362 278 268 243 298 222 371 231 277 228 256 93 265 28 271 199 233 128 280 111 306 161
361 242 330 275 278 278 291 244 306 275 294 139 296 73 375 221 344 173 242 175 242 221
405 284 302 262 319 246 380 237 305 251 280 113 291 40 319 215 269 154 291 135 319 187
271 251 292 205 338 203 373 248 314 200 317 93 317 34 260 157 279 106 351 109 365 157
403 107 406 80 395 79 390 105 401 78 411 31 414 15 418 59 420 41 398 39 391 56
363 103 365 78 353 77 350 102 359 76 366 29 368 13 374 55 375 38 354 37 348 54
269 231 326 204 375 221 331 258 350 209 372 108 350 64 316 157 343 118 402 127 387 184
264 236 334 217 365 245 275 284 356 228 376 113 345 58 326 169 351 127 404 141 365 211
270 239 317 210 356 218 359 260 338 210 351 108 341 58 296 160 320 121 385 123 383 178
267 241 291 199 335 197 369 238 312 197 314 87 312 30 259 150 278 100 351 100 364 153
401 287 298 264 318 247 384 235 300 249 286 105 295 36 315 215 266 146 300 131 326 183
316 240 356 279 301 286 249 250 329 279 325 139 316 67 377 206 375 162 280 174 253 233
350 267 289 216 325 200 393 228 305 204 285 89 300 25 274 178 255 114 312 99 336 149
432 129 437 104 427 102 420 126 432 101 442 56 446 40 450 84 452 66 430 63 423 78
273 231 335 209 374 231 313 267 357 215 382 105 357 56 327 157 354 119 409 133 387 193
277 252 285 193 329 190 375 229 305 190 305 71 310 14 254 141 266 87 342 92 357 144
344 261 293 212 333 193 398 226 312 200 295 83 311 17 274 169 261 104 322 94 344 142
298 231 356 282 298 291 236 253 327 286 318 135 309 70 361 206 367 157 278 173 249 235
318 245 292 201 331 191 389 222 310 191 297 76 305 19 266 155 264 94 328 89 348 137
321 253 289 202 329 191 388 223 308 191 295 79 303 18 265 159 260 95 324 92 343 141
269 238 334 213 371 241 300 280 359 224 388 109 359 58 334 162 354 123 416 140 382 207
298 232 361 283 308 292 234 255 335 287 324 135 317 71 351 202 372 158 287 174 250 237
265 238 329 244 345 269 240 288 345 258 368 127 354 57 331 183 354 144 379 171 323 233
280 249 305 214 343 214 369 249 324 212 322 118 317 86 275 174 291 132 354 130 366 172
262 257 340 278 304 283 215 288 330 280 340 134 325 66 359 212 382 155 322 183 285 236
250 281 339 267 339 284 239 292 345 272 376 135 359 65 348 197 398 161 373 183 320 242
227 94 224 68 213 68 214 95 219 66 216 19 216 3 229 44 227 27 206 27 202 44
255 247 285 204 330 204 362 250 309 202 309 87 309 28 253 151 274 100 349 100 359 156
274 231 332 205 374 218 345 255 353 208 374 103 356 58 316 152 345 113 406 121 392 181
267 257 336 268 318 276 229 289 334 271 360 137 342 64 352 206 390 153 352 182 307 236
313 254 293 196 333 187 388 228 313 190 299 77 307 19 264 155 264 95 330 89 351 138
355 107 356 81 345 81 343 106 350 81 354 33 355 19 364 59 364 41 343 42 337 59
275 251 291 202 335 202 378 243 313 200 316 83 316 26 259 151 278 99 351 99 367 151
372 234 308 270 257 266 305 228 283 266 263 114 268 48 337 201 301 157 221 143 250 194
247 281 334 259 343 281 236 295 343 270 371 135 357 59 337 197 360 152 377 180 320 242
264 232 309 202 346 207 354 247 326 202 334 103 326 56 284 155 304 115 366 118 371 165
263 238 324 238 347 261 249 290 341 250 370 126 359 54 321 186 344 143 385 163 330 227
379 248 307 278 259 271 305 225 282 274 261 117 268 47 333 204 296 158 224 138 254 193
383 280 287 245 313 228 383 231 290 231 275 98 284 34 290 199 249 129 296 115 316 164
264 237 294 197 337 194 370 237 314 194 317 80 317 22 261 143 279 95 355 98 365 148
289 246 286 194 328 191 380 230 306 189 303 76 311 15 253 142 267 92 339 92 355 145
354 246 328 277 271 284 247 239 302 279 292 140 287 71 362 215 343 171 242 176 232 226
376 264 293 282 255 277 348 249 270 282 252 118 260 47 325 221 275 166 214 138 255 206
266 234 318 203 356 213 349 255 338 205 354 100 338 51 297 154 320 113 385 118 382 175
361 277 280 235 316 211 385 235 295 217 274 95 280 26 271 196 244 128 298 110 322 158
269 243 332 260 346 280 238 294 343 269 368 133 357 59 334 192 354 150 374 178 320 240
405 290 300 255 321 241 396 238 303 241 292 107 303 37 318 209 271 142 309 127 332 177
378 227 324 269 263 262 308 217 293 262 280 114 282 42 369 208 328 156 235 145 261 195
267 245 295 210 333 210 356 248 314 208 312 115 307 82 265 168 284 129 344 126 356 168
299 247 333 278 283 287 245 244 308 280 299 137 294 71 364 211 349 166 251 171 237 223
266 237 337 226 365 256 263 289 359 237 378 116 365 48 332 174 354 133 403 149 351 218
281 251 284 190 328 190 375 227 305 188 302 72 310 17 255 141 265 88 339 91 354 141
304 82 304 55 292 55 290 81 298 54 303 8 304 0 312 34 312 17 292 14 286 30
368 224 315 270 256 263 304 215 282 263 269 115 267 49 357 206 313 158 221 143 254 191
415 301 322 277 331 265 391 259 319 268 298 128 313 59 331 229 289 167 301 158 328 202
367 232 332 248 273 251 313 237 301 250 296 125 293 62 377 212 342 159 244 159 255 204
271 234 330 205 369 218 345 258 351 208 369 102 351 54 314 152 340 113 401 121 390 179
269 232 323 204 359 217 344 261 344 206 365 100 346 51 305 149 331 113 396 121 385 178
272 249 286 194 330 194 374 235 308 191 308 76 311 21 256 144 272 92 346 92 360 144
354 283 267 243 301 220 371 237 278 225 252 95 258 25 261 199 226 127 272 109 301 156
280 255 306 217 344 217 372 252 325 215 323 123 318 92 276 177 292 137 353 135 367 177
269 233 308 199 345 199 359 240 325 197 328 99 316 70 279 153 298 114 362 114 371 158
274 253 358 276 322 289 225 287 343 282 350 137 337 67 371 211 395 156 332 182 295 234
273 231 335 206 380 224 330 261 358 211 380 106 358 59 323 156 350 114 410 129 395 186
276 230 338 206 379 228 325 266 360 211 387 105 366 53 330 157 360 116 415 130 396 189
397 285 296 250 322 233 397 236 302 236 291 103 302 34 308 204 267 138 308 123 334 172
266 249 364 276 313 286 229 271 340 281 344 134 332 66 364 210 391 154 318 181 283 227
374 221 323 266 263 266 306 213 293 261 280 119 283 45 370 208 329 155 231 151 253 200
268 238 335 213 368 238 301 277 354 221 385 110 354 57 329 163 354 118 410 140 379 202
262 241 357 277 307 286 227 263 333 281 335 130 324 64 359 201 383 149 302 173 272 220
322 238 359 278 303 284 255 247 331 277 324 138 316 63 385 206 376 165 279 171 255 230
346 111 345 86 334 86 333 111 340 85 342 39 343 25 352 64 352 46 331 47 326 64
386 263 295 274 269 263 342 224 276 266 266 106 279 30 334 213 284 153 229 119 250 174
266 232 332 210 371 235 305 271 354 219 379 106 352 57 327 161 352 117 406 134 379 197
307 232 364 282 316 294 235 258 340 289 336 136 326 64 357 203 383 158 297 174 254 239
363 246 332 279 275 282 256 293 303 279 296 146 294 79 372 222 347 177 246 179 239 227
264 238 295 202 331 202 355 238 312 202 312 106 305 73 264 162 283 121 343 118 355 159
406 108 410 83 400 82 394 106 406 81 417 33 421 18 422 61 425 45 404 42 397 58
268 232 334 213 362 240 274 282 356 224 381 106 356 51 331 164 356 122 405 139 364 208
271 237 340 215 375 242 297 284 364 226 391 111 360 59 340 163 361 122 417 141 382 209
369 225 322 264 265 264 298 229 296 260 286 121 288 52 369 209 335 156 235 150 249 203
260 240 292 197 334 197 366 245 313 197 316 84 316 25 258 147 279 97 353 97 366 152
352 263 295 216 334 199 399 228 313 204 295 87 308 21 278 173 261 108 322 97 345 145
263 233 297 199 336 199 356 240 317 197 317 97 309 66 271 151 290 109 353 112 363 158
408 109 411 84 401 82 395 107 407 81 420 35 424 19 424 62 428 45 407 41 398 58
262 230 296 196 334 196 356 234 315 194 313 95 306 64 265 151 286 110 346 107 358 153
362 233 334 245 264 246 289 238 304 243 294 129 289 69 373 214 341 166 241 164 243 209
306 250 289 196 332 187 389 227 309 190 303 73 312 13 263 150 266 90 338 90 355 142
